Model dump (x mu nu), grid of 25x25=625 pts
Model parameter values (noise variance lengthscales [periods]): (1e-12, 999.99929, [1.0, 6.2982735], [999.99929, 1.0])
   -5.00000000E-01       -5.00000000E-01        7.08071297E-01        8.62384277E-04    
   -4.58333333E-01       -5.00000000E-01        8.01607995E-01        1.21343561E-03    
   -4.16666667E-01       -5.00000000E-01        8.40513686E-01        2.83700712E-03    
   -3.75000000E-01       -5.00000000E-01        8.22139912E-01        5.93218435E-03    
   -3.33333333E-01       -5.00000000E-01        7.47741373E-01        9.62955759E-03    
   -2.91666667E-01       -5.00000000E-01        6.22389155E-01        1.27353858E-02    
   -2.50000000E-01       -5.00000000E-01        4.54624785E-01        1.42924008E-02    
   -2.08333333E-01       -5.00000000E-01        2.55878806E-01        1.40295660E-02    
   -1.66666667E-01       -5.00000000E-01        3.96930733E-02        1.23652644E-02    
   -1.25000000E-01       -5.00000000E-01       -1.79200977E-01        9.90898270E-03    
   -8.33333333E-02       -5.00000000E-01       -3.85885836E-01        6.93855981E-03    
   -4.16666667E-02       -5.00000000E-01       -5.66274944E-01        3.51683713E-03    
    0.00000000E+00       -5.00000000E-01       -7.08073582E-01        2.67808448E-04    
    4.16666667E-02       -5.00000000E-01       -8.01617597E-01        2.75540973E-03    
    8.33333333E-02       -5.00000000E-01       -8.40532339E-01        3.92572401E-03    
    1.25000000E-01       -5.00000000E-01       -8.22166751E-01        3.26126423E-03    
    1.66666667E-01       -5.00000000E-01       -7.47773261E-01        1.27599854E-03    
    2.08333333E-01       -5.00000000E-01       -6.22421706E-01        1.02241742E-03    
    2.50000000E-01       -5.00000000E-01       -4.54653606E-01        2.56748423E-03    
    2.91666667E-01       -5.00000000E-01       -2.55900581E-01        2.93907310E-03    
    3.33333333E-01       -5.00000000E-01       -3.97062747E-02        2.42117993E-03    
    3.75000000E-01       -5.00000000E-01        1.79195754E-01        1.74517471E-03    
    4.16666667E-01       -5.00000000E-01        3.85885935E-01        1.30609531E-03    
    4.58333333E-01       -5.00000000E-01        5.66276182E-01        9.55315536E-04    
    5.00000000E-01       -5.00000000E-01        7.08071297E-01        8.62384277E-04    
   -5.00000000E-01       -4.58333333E-01        8.01610994E-01        1.19434291E-03    
   -4.58333333E-01       -4.58333333E-01        9.07504098E-01        1.77574138E-03    
   -4.16666667E-01       -4.58333333E-01        9.51549957E-01        2.67581512E-03    
   -3.75000000E-01       -4.58333333E-01        9.30749927E-01        5.03233407E-03    
   -3.33333333E-01       -4.58333333E-01        8.46523948E-01        8.29201893E-03    
   -2.91666667E-01       -4.58333333E-01        7.04612583E-01        1.12189815E-02    
   -2.50000000E-01       -4.58333333E-01        5.14685547E-01        1.28925144E-02    
   -2.08333333E-01       -4.58333333E-01        2.89683495E-01        1.31096671E-02    
   -1.66666667E-01       -4.58333333E-01        4.49374514E-02        1.22929179E-02    
   -1.25000000E-01       -4.58333333E-01       -2.02874845E-01        1.08705373E-02    
   -8.33333333E-02       -4.58333333E-01       -4.36865114E-01        8.80591656E-03    
   -4.16666667E-02       -4.58333333E-01       -6.41085889E-01        5.96405252E-03    
    0.00000000E+00       -4.58333333E-01       -8.01618232E-01        2.72615107E-03    
    4.16666667E-02       -4.58333333E-01       -9.07521151E-01        8.84264883E-05    
    8.33333333E-02       -4.58333333E-01       -9.51577557E-01        1.32996106E-03    
    1.25000000E-01       -4.58333333E-01       -9.30785802E-01        9.27094671E-04    
    1.66666667E-01       -4.58333333E-01       -8.46563535E-01        7.63447622E-04    
    2.08333333E-01       -4.58333333E-01       -7.04650424E-01        2.66104734E-03    
    2.50000000E-01       -4.58333333E-01       -5.14716825E-01        3.82461636E-03    
    2.91666667E-01       -4.58333333E-01       -2.89705228E-01        3.80406338E-03    
    3.33333333E-01       -4.58333333E-01       -4.49491165E-02        2.87525936E-03    
    3.75000000E-01       -4.58333333E-01        2.02871249E-01        1.72712133E-03    
    4.16666667E-01       -4.58333333E-01        4.36865501E-01        8.09770570E-04    
    4.58333333E-01       -4.58333333E-01        6.41085007E-01        4.55653747E-04    
    5.00000000E-01       -4.58333333E-01        8.01610994E-01        1.19434291E-03    
   -5.00000000E-01       -4.16666667E-01        8.40524327E-01        2.04578537E-03    
   -4.58333333E-01       -4.16666667E-01        9.51557550E-01        2.73624225E-03    
   -4.16666667E-01       -4.16666667E-01        9.97741901E-01        2.76946307E-03    
   -3.75000000E-01       -4.16666667E-01        9.75933009E-01        3.39905835E-03    
   -3.33333333E-01       -4.16666667E-01        8.87619383E-01        5.55771869E-03    
   -2.91666667E-01       -4.16666667E-01        7.38819869E-01        7.93163303E-03    
   -2.50000000E-01       -4.16666667E-01        5.39673331E-01        9.46982276E-03    
   -2.08333333E-01       -4.16666667E-01        3.03748562E-01        1.00455336E-02    
   -1.66666667E-01       -4.16666667E-01        4.71209270E-02        1.01172488E-02    
   -1.25000000E-01       -4.16666667E-01       -2.12722057E-01        9.86261713E-03    
   -8.33333333E-02       -4.16666667E-01       -4.58072137E-01        8.83871764E-03    
   -4.16666667E-02       -4.16666667E-01       -6.72207605E-01        6.71151518E-03    
    0.00000000E+00       -4.16666667E-01       -8.40533783E-01        3.87809408E-03    
    4.16666667E-02       -4.16666667E-01       -9.51578462E-01        1.32144017E-03    
    8.33333333E-02       -4.16666667E-01       -9.97774041E-01        5.74898301E-05    
    1.25000000E-01       -4.16666667E-01       -9.75972964E-01        3.08117582E-04    
    1.66666667E-01       -4.16666667E-01       -8.87661571E-01        1.75587463E-03    
    2.08333333E-01       -4.16666667E-01       -7.38858209E-01        3.39427493E-03    
    2.50000000E-01       -4.16666667E-01       -5.39702948E-01        4.26178243E-03    
    2.91666667E-01       -4.16666667E-01       -3.03766994E-01        3.95419766E-03    
    3.33333333E-01       -4.16666667E-01       -4.71286091E-02        2.78543188E-03    
    3.75000000E-01       -4.16666667E-01        2.12721983E-01        1.47070648E-03    
    4.16666667E-01       -4.16666667E-01        4.58074568E-01        5.18921069E-04    
    4.58333333E-01       -4.16666667E-01        6.72206666E-01        9.37332193E-04    
    5.00000000E-01       -4.16666667E-01        8.40524327E-01        2.04578537E-03    
   -5.00000000E-01       -3.75000000E-01        8.22159609E-01        2.76241682E-03    
   -4.58333333E-01       -3.75000000E-01        9.30766515E-01        3.74349485E-03    
   -4.16666667E-01       -3.75000000E-01        9.75942032E-01        3.81737910E-03    
   -3.75000000E-01       -3.75000000E-01        9.54610438E-01        3.15632823E-03    
   -3.33333333E-01       -3.75000000E-01        8.68227459E-01        3.18107181E-03    
   -2.91666667E-01       -3.75000000E-01        7.22680083E-01        4.26784657E-03    
   -2.50000000E-01       -3.75000000E-01        5.27885348E-01        5.15714864E-03    
   -2.08333333E-01       -3.75000000E-01        2.97115440E-01        5.70666726E-03    
   -1.66666667E-01       -3.75000000E-01        4.60945404E-02        6.50481097E-03    
   -1.25000000E-01       -3.75000000E-01       -2.08071740E-01        7.32020598E-03    
   -8.33333333E-02       -3.75000000E-01       -4.48061853E-01        7.19956702E-03    
   -4.16666667E-02       -3.75000000E-01       -6.57519292E-01        5.68568391E-03    
    0.00000000E+00       -3.75000000E-01       -8.22168192E-01        3.23758444E-03    
    4.16666667E-02       -3.75000000E-01       -9.30786990E-01        9.12317022E-04    
    8.33333333E-02       -3.75000000E-01       -9.75973415E-01        3.19188752E-04    
    1.25000000E-01       -3.75000000E-01       -9.54648647E-01        9.82572667E-05    
    1.66666667E-01       -3.75000000E-01       -8.68266510E-01        1.40144188E-03    
    2.08333333E-01       -3.75000000E-01       -7.22713863E-01        2.91332497E-03    
    2.50000000E-01       -3.75000000E-01       -5.27909333E-01        3.63188899E-03    
    2.91666667E-01       -3.75000000E-01       -2.97127805E-01        3.22189487E-03    
    3.33333333E-01       -3.75000000E-01       -4.60964750E-02        2.13577702E-03    
    3.75000000E-01       -3.75000000E-01        2.08076426E-01        1.36131546E-03    
    4.16666667E-01       -3.75000000E-01        4.48067651E-01        1.26407371E-03    
    4.58333333E-01       -3.75000000E-01        6.57520297E-01        1.65245541E-03    
    5.00000000E-01       -3.75000000E-01        8.22159609E-01        2.76241682E-03    
   -5.00000000E-01       -3.33333333E-01        7.47767973E-01        2.53337831E-03    
   -4.58333333E-01       -3.33333333E-01        8.46547426E-01        3.85223219E-03    
   -4.16666667E-01       -3.33333333E-01        8.87635458E-01        4.43542279E-03    
   -3.75000000E-01       -3.33333333E-01        8.68234695E-01        4.06215418E-03    
   -3.33333333E-01       -3.33333333E-01        7.89668981E-01        3.40658144E-03    
   -2.91666667E-01       -3.33333333E-01        6.57292304E-01        3.02970636E-03    
   -2.50000000E-01       -3.33333333E-01        4.80124035E-01        2.39810438E-03    
   -2.08333333E-01       -3.33333333E-01        2.70235239E-01        1.53073361E-03    
   -1.66666667E-01       -3.33333333E-01        4.19273349E-02        2.62674230E-03    
   -1.25000000E-01       -3.33333333E-01       -1.89241638E-01        4.23857920E-03    
   -8.33333333E-02       -3.33333333E-01       -4.07517163E-01        4.63753497E-03    
   -4.16666667E-02       -3.33333333E-01       -5.98022514E-01        3.45804746E-03    
    0.00000000E+00       -3.33333333E-01       -7.47773489E-01        1.26116843E-03    
    4.16666667E-02       -3.33333333E-01       -8.46563963E-01        8.69552651E-04    
    8.33333333E-02       -3.33333333E-01       -8.87661595E-01        1.89806227E-03    
    1.25000000E-01       -3.33333333E-01       -8.68266263E-01        1.47089439E-03    
    1.66666667E-01       -3.33333333E-01       -7.89700279E-01        2.45297566E-04    
    2.08333333E-01       -3.33333333E-01       -6.57317805E-01        1.54547237E-03    
    2.50000000E-01       -3.33333333E-01       -4.80139937E-01        2.24523412E-03    
    2.91666667E-01       -3.33333333E-01       -2.70240391E-01        1.93937108E-03    
    3.33333333E-01       -3.33333333E-01       -4.19233644E-02        1.54301708E-03    
    3.75000000E-01       -3.33333333E-01        1.89250832E-01        1.97037422E-03    
    4.16666667E-01       -3.33333333E-01        4.07526359E-01        2.10678652E-03    
    4.58333333E-01       -3.33333333E-01        5.98026390E-01        1.79685873E-03    
    5.00000000E-01       -3.33333333E-01        7.47767973E-01        2.53337831E-03    
   -5.00000000E-01       -2.91666667E-01        6.22418133E-01        9.40666948E-04    
   -4.58333333E-01       -2.91666667E-01        7.04638525E-01        2.62799883E-03    
   -4.16666667E-01       -2.91666667E-01        7.38838801E-01        3.71355657E-03    
   -3.75000000E-01       -2.91666667E-01        7.22690691E-01        3.90965442E-03    
   -3.33333333E-01       -2.91666667E-01        6.57296057E-01        3.89475776E-03    
   -2.91666667E-01       -2.91666667E-01        5.47111085E-01        3.99769151E-03    
   -2.50000000E-01       -2.91666667E-01        3.99642803E-01        3.57445861E-03    
   -2.08333333E-01       -2.91666667E-01        2.24938489E-01        2.24729760E-03    
   -1.66666667E-01       -2.91666667E-01        3.49021520E-02        1.07869085E-03    
   -1.25000000E-01       -2.91666667E-01       -1.57515958E-01        1.94804550E-03    
   -8.33333333E-02       -2.91666667E-01       -3.39201923E-01        2.17905918E-03    
   -4.16666667E-02       -2.91666667E-01       -4.97772539E-01        1.02561620E-03    
    0.00000000E+00       -2.91666667E-01       -6.22420099E-01        1.24496844E-03    
    4.16666667E-02       -2.91666667E-01       -7.04649518E-01        3.13671728E-03    
    8.33333333E-02       -2.91666667E-01       -7.38857311E-01        3.93088907E-03    
    1.25000000E-01       -2.91666667E-01       -7.22713019E-01        3.27569922E-03    
    1.66666667E-01       -2.91666667E-01       -6.57317407E-01        1.66258597E-03    
    2.08333333E-01       -2.91666667E-01       -5.47127019E-01        2.99455595E-04    
    2.50000000E-01       -2.91666667E-01       -3.99650514E-01        8.09102652E-04    
    2.91666667E-01       -2.91666667E-01       -2.24937444E-01        9.60826329E-04    
    3.33333333E-01       -2.91666667E-01       -3.48940679E-02        1.91940686E-03    
    3.75000000E-01       -2.91666667E-01        1.57527654E-01        2.96610143E-03    
    4.16666667E-01       -2.91666667E-01        3.39212912E-01        3.01184145E-03    
    4.58333333E-01       -2.91666667E-01        4.97778591E-01        1.80523094E-03    
    5.00000000E-01       -2.91666667E-01        6.22418133E-01        9.40666948E-04    
   -5.00000000E-01       -2.50000000E-01        4.54651255E-01        1.82070230E-03    
   -4.58333333E-01       -2.50000000E-01        5.14709206E-01        2.05381117E-03    
   -4.16666667E-01       -2.50000000E-01        5.39690664E-01        2.57783382E-03    
   -3.75000000E-01       -2.50000000E-01        5.27895285E-01        2.46511259E-03    
   -3.33333333E-01       -2.50000000E-01        4.80127999E-01        2.80636205E-03    
   -2.91666667E-01       -2.50000000E-01        3.99643560E-01        3.82726965E-03    
   -2.50000000E-01       -2.50000000E-01        2.91925026E-01        4.28372679E-03    
   -2.08333333E-01       -2.50000000E-01        1.64311087E-01        3.67733500E-03    
   -1.66666667E-01       -2.50000000E-01        2.54970325E-02        2.49759328E-03    
   -1.25000000E-01       -2.50000000E-01       -1.15057222E-01        1.62823237E-03    
   -8.33333333E-02       -2.50000000E-01       -2.47771996E-01        1.07155595E-03    
   -4.16666667E-02       -2.50000000E-01       -3.63601434E-01        1.43278711E-03    
    0.00000000E+00       -2.50000000E-01       -4.54650823E-01        3.30191746E-03    
    4.16666667E-02       -2.50000000E-01       -5.14715087E-01        4.97917705E-03    
    8.33333333E-02       -2.50000000E-01       -5.39701572E-01        5.45628935E-03    
    1.25000000E-01       -2.50000000E-01       -5.27908412E-01        4.47646212E-03    
    1.66666667E-01       -2.50000000E-01       -4.80139866E-01        2.59724879E-03    
    2.08333333E-01       -2.50000000E-01       -3.99651125E-01        8.55534553E-04    
    2.50000000E-01       -2.50000000E-01       -2.91926576E-01        9.99709294E-05    
    2.91666667E-01       -2.50000000E-01       -1.64306594E-01        8.79752849E-04    
    3.33333333E-01       -2.50000000E-01       -2.54879905E-02        2.41671334E-03    
    3.75000000E-01       -2.50000000E-01        1.15068276E-01        3.76647865E-03    
    4.16666667E-01       -2.50000000E-01        2.47782061E-01        4.05604478E-03    
    4.58333333E-01       -2.50000000E-01        3.63607675E-01        3.09853443E-03    
    5.00000000E-01       -2.50000000E-01        4.54651255E-01        1.82070230E-03    
   -5.00000000E-01       -2.08333333E-01        2.55899357E-01        4.90991582E-03    
   -4.58333333E-01       -2.08333333E-01        2.89701599E-01        4.94174136E-03    
   -4.16666667E-01       -2.08333333E-01        3.03761301E-01        4.40728727E-03    
   -3.75000000E-01       -2.08333333E-01        2.97122112E-01        2.78414408E-03    
   -3.33333333E-01       -2.08333333E-01        2.70237321E-01        7.67377284E-04    
   -2.91666667E-01       -2.08333333E-01        2.24938479E-01        2.24604274E-03    
   -2.50000000E-01       -2.08333333E-01        1.64310929E-01        3.53529506E-03    
   -2.08333333E-01       -2.08333333E-01        9.24845043E-02        3.53930844E-03    
   -1.66666667E-01       -2.08333333E-01        1.43530734E-02        2.64167899E-03    
   -1.25000000E-01       -2.08333333E-01       -6.47585210E-02        1.62714313E-03    
   -8.33333333E-02       -2.08333333E-01       -1.39457647E-01        1.33262861E-03    
   -4.16666667E-02       -2.08333333E-01       -2.04652193E-01        2.52366173E-03    
    0.00000000E+00       -2.08333333E-01       -2.55898396E-01        4.35919735E-03    
    4.16666667E-02       -2.08333333E-01       -2.89704061E-01        5.71694753E-03    
    8.33333333E-02       -2.08333333E-01       -3.03766329E-01        5.77139642E-03    
    1.25000000E-01       -2.08333333E-01       -2.97127985E-01        4.37473396E-03    
    1.66666667E-01       -2.08333333E-01       -2.70242018E-01        2.20415819E-03    
    2.08333333E-01       -2.08333333E-01       -2.24940392E-01        7.48839684E-04    
    2.50000000E-01       -2.08333333E-01       -1.64309371E-01        9.29157905E-04    
    2.91666667E-01       -2.08333333E-01       -9.24797940E-02        6.86660806E-04    
    3.33333333E-01       -2.08333333E-01       -1.43462753E-02        2.10273297E-03    
    3.75000000E-01       -2.08333333E-01        6.47659581E-02        3.87235625E-03    
    4.16666667E-01       -2.08333333E-01        1.39464179E-01        4.86576934E-03    
    4.58333333E-01       -2.08333333E-01        2.04656418E-01        4.98940157E-03    
    5.00000000E-01       -2.08333333E-01        2.55899357E-01        4.90991582E-03    
   -5.00000000E-01       -1.66666667E-01        3.97066114E-02        7.22228291E-03    
   -4.58333333E-01       -1.66666667E-01        4.49490115E-02        7.83219275E-03    
   -4.16666667E-01       -1.66666667E-01        4.71282706E-02        7.33666011E-03    
   -3.75000000E-01       -1.66666667E-01        4.60974178E-02        5.44320674E-03    
   -3.33333333E-01       -1.66666667E-01        4.19273613E-02        2.62344743E-03    
   -2.91666667E-01       -1.66666667E-01        3.49016433E-02        5.95926158E-04    
   -2.50000000E-01       -1.66666667E-01        2.54974953E-02        2.11614673E-03    
   -2.08333333E-01       -1.66666667E-01        1.43542439E-02        2.50733961E-03    
   -1.66666667E-01       -1.66666667E-01        2.23063728E-03        1.85125914E-03    
   -1.25000000E-01       -1.66666667E-01       -1.00465339E-02        9.74159747E-04    
   -8.33333333E-02       -1.66666667E-01       -2.16391802E-02        1.27840272E-03    
   -4.16666667E-02       -1.66666667E-01       -3.17558723E-02        2.67806438E-03    
    0.00000000E+00       -1.66666667E-01       -3.97065519E-02        4.24644827E-03    
    4.16666667E-02       -1.66666667E-01       -4.49498453E-02        5.14374699E-03    
    8.33333333E-02       -1.66666667E-01       -4.71296397E-02        4.67039247E-03    
    1.25000000E-01       -1.66666667E-01       -4.60986459E-02        2.79868392E-03    
    1.66666667E-01       -1.66666667E-01       -4.19277342E-02        9.25808955E-04    
    2.08333333E-01       -1.66666667E-01       -3.49007751E-02        2.45605595E-03    
    2.50000000E-01       -1.66666667E-01       -2.54955079E-02        3.24225749E-03    
    2.91666667E-01       -1.66666667E-01       -1.43516344E-02        2.45628023E-03    
    3.33333333E-01       -1.66666667E-01       -2.22797032E-03        1.41434989E-03    
    3.75000000E-01       -1.66666667E-01        1.00488532E-02        2.94347837E-03    
    4.16666667E-01       -1.66666667E-01        2.16409156E-02        4.77075612E-03    
    4.58333333E-01       -1.66666667E-01        3.17568445E-02        6.13430751E-03    
    5.00000000E-01       -1.66666667E-01        3.97066114E-02        7.22228291E-03    
   -5.00000000E-01       -1.25000000E-01       -1.79193550E-01        7.82849128E-03    
   -4.58333333E-01       -1.25000000E-01       -2.02868890E-01        9.17095992E-03    
   -4.16666667E-01       -1.25000000E-01       -2.12719138E-01        9.06559755E-03    
   -3.75000000E-01       -1.25000000E-01       -2.08071637E-01        7.30758629E-03    
   -3.33333333E-01       -1.25000000E-01       -1.89242548E-01        4.45283224E-03    
   -2.91666667E-01       -1.25000000E-01       -1.57515672E-01        1.69454072E-03    
   -2.50000000E-01       -1.25000000E-01       -1.15054581E-01        1.17692162E-03    
   -2.08333333E-01       -1.25000000E-01       -6.47542722E-02        1.54927804E-03    
   -1.66666667E-01       -1.25000000E-01       -1.00430547E-02        9.96170846E-04    
   -1.25000000E-01       -1.25000000E-01        4.53513436E-02        1.00007882E-04    
   -8.33333333E-02       -1.25000000E-01        9.76553589E-02        1.02858228E-03    
   -4.16666667E-02       -1.25000000E-01        1.43305896E-01        2.15059894E-03    
    0.00000000E+00       -1.25000000E-01        1.79192399E-01        3.22194914E-03    
    4.16666667E-02       -1.25000000E-01        2.02868607E-01        3.54910363E-03    
    8.33333333E-02       -1.25000000E-01        2.12719639E-01        2.50008882E-03    
    1.25000000E-01       -1.25000000E-01        2.08072805E-01        6.17425390E-04    
    1.66666667E-01       -1.25000000E-01        1.89244160E-01        3.23314014E-03    
    2.08333333E-01       -1.25000000E-01        1.57517290E-01        5.75403101E-03    
    2.50000000E-01       -1.25000000E-01        1.15055588E-01        6.70630969E-03    
    2.91666667E-01       -1.25000000E-01        6.47541411E-02        5.77035912E-03    
    3.33333333E-01       -1.25000000E-01        1.00416614E-02        3.52154267E-03    
    3.75000000E-01       -1.25000000E-01       -4.53536096E-02        1.75839713E-03    
    4.16666667E-01       -1.25000000E-01       -9.76577987E-02        3.34191609E-03    
    4.58333333E-01       -1.25000000E-01       -1.43307863E-01        5.69851073E-03    
    5.00000000E-01       -1.25000000E-01       -1.79193550E-01        7.82849128E-03    
   -5.00000000E-01       -8.33333333E-02       -3.85882641E-01        6.41754339E-03    
   -4.58333333E-01       -8.33333333E-02       -4.36862940E-01        8.43144699E-03    
   -4.16666667E-01       -8.33333333E-02       -4.58071978E-01        8.81966972E-03    
   -3.75000000E-01       -8.33333333E-02       -4.48063082E-01        7.38401158E-03    
   -3.33333333E-01       -8.33333333E-02       -4.07517792E-01        4.70404047E-03    
   -2.91666667E-01       -8.33333333E-02       -3.39199789E-01        1.96526356E-03    
   -2.50000000E-01       -8.33333333E-02       -2.47766182E-01        1.05690597E-03    
   -2.08333333E-01       -8.33333333E-02       -1.39449264E-01        1.42853771E-03    
   -1.66666667E-01       -8.33333333E-02       -2.16309953E-02        1.13944386E-03    
   -1.25000000E-01       -8.33333333E-02        9.76602970E-02        8.98354486E-04    
   -8.33333333E-02       -8.33333333E-02        2.10296575E-01        1.09257976E-03    
   -4.16666667E-02       -8.33333333E-02        3.08603149E-01        1.43122440E-03    
    0.00000000E+00       -8.33333333E-02        3.85880967E-01        1.82850872E-03    
    4.16666667E-02       -8.33333333E-02        4.36862935E-01        1.58459552E-03    
    8.33333333E-02       -8.33333333E-02        4.58073268E-01        2.04530848E-04    
    1.25000000E-01       -8.33333333E-02        4.48065117E-01        2.96703964E-03    
    1.66666667E-01       -8.33333333E-02        4.07519900E-01        6.46384702E-03    
    2.08333333E-01       -8.33333333E-02        3.39201180E-01        9.29830153E-03    
    2.50000000E-01       -8.33333333E-02        2.47766080E-01        1.04329628E-02    
    2.91666667E-01       -8.33333333E-02        1.39447220E-01        9.53394701E-03    
    3.33333333E-01       -8.33333333E-02        2.16271799E-02        7.06252983E-03    
    3.75000000E-01       -8.33333333E-02       -9.76650646E-02        3.91096871E-03    
    4.16666667E-01       -8.33333333E-02       -2.10301144E-01        1.50959181E-03    
    4.58333333E-01       -8.33333333E-02       -3.08606522E-01        3.54177923E-03    
    5.00000000E-01       -8.33333333E-02       -3.85882641E-01        6.41754339E-03    
   -5.00000000E-01       -4.16666667E-02       -5.66274096E-01        3.46175903E-03    
   -4.58333333E-01       -4.16666667E-02       -6.41085752E-01        5.94860399E-03    
   -4.16666667E-01       -4.16666667E-02       -6.72208808E-01        6.78712019E-03    
   -3.75000000E-01       -4.16666667E-02       -6.57520938E-01        5.73945803E-03    
   -3.33333333E-01       -4.16666667E-02       -5.98022482E-01        3.37493335E-03    
   -2.91666667E-01       -4.16666667E-02       -4.97768674E-01        1.00593366E-03    
   -2.50000000E-01       -4.16666667E-02       -3.63592946E-01        1.52353478E-03    
   -2.08333333E-01       -4.16666667E-02       -2.04640401E-01        2.11273116E-03    
   -1.66666667E-01       -4.16666667E-02       -3.17437801E-02        1.88350671E-03    
   -1.25000000E-01       -4.16666667E-02        1.43315023E-01        1.55479228E-03    
   -8.33333333E-02       -4.16666667E-02        3.08607450E-01        1.33930239E-03    
   -4.16666667E-02       -4.16666667E-02        4.52870364E-01        9.86912954E-04    
    0.00000000E+00       -4.16666667E-02        5.66272883E-01        6.74699034E-04    
    4.16666667E-02       -4.16666667E-02        6.41086119E-01        9.95983711E-05    
    8.33333333E-02       -4.16666667E-02        6.72210259E-01        1.88666236E-03    
    1.25000000E-01       -4.16666667E-02        6.57522862E-01        5.08794316E-03    
    1.66666667E-01       -4.16666667E-02        5.98024215E-01        8.83098474E-03    
    2.08333333E-01       -4.16666667E-02        4.97769505E-01        1.19016449E-02    
    2.50000000E-01       -4.16666667E-02        3.63592232E-01        1.32791288E-02    
    2.91666667E-01       -4.16666667E-02        2.04637836E-01        1.26361353E-02    
    3.33333333E-01       -4.16666667E-02        3.17396534E-02        1.03970737E-02    
    3.75000000E-01       -4.16666667E-02       -1.43319828E-01        7.30266572E-03    
    4.16666667E-01       -4.16666667E-02       -3.08611794E-01        3.86859082E-03    
    4.58333333E-01       -4.16666667E-02       -4.52873329E-01        8.72687482E-04    
    5.00000000E-01       -4.16666667E-02       -5.66274096E-01        3.46175903E-03    
   -5.00000000E-01        0.00000000E+00       -7.08073540E-01        2.80355675E-04    
   -4.58333333E-01        0.00000000E+00       -8.01618802E-01        2.72890922E-03    
   -4.16666667E-01        0.00000000E+00       -8.40535496E-01        3.88526052E-03    
   -3.75000000E-01        0.00000000E+00       -8.22170075E-01        3.19177702E-03    
   -3.33333333E-01        0.00000000E+00       -7.47773373E-01        1.18012153E-03    
   -2.91666667E-01        0.00000000E+00       -6.22415814E-01        1.21558805E-03    
   -2.50000000E-01        0.00000000E+00       -4.54641592E-01        2.77398421E-03    
   -2.08333333E-01        0.00000000E+00       -2.55885570E-01        3.14928461E-03    
   -1.66666667E-01        0.00000000E+00       -3.96931804E-02        2.62544248E-03    
   -1.25000000E-01        0.00000000E+00        1.79202997E-01        1.91834048E-03    
   -8.33333333E-02        0.00000000E+00        3.85886870E-01        1.34634838E-03    
   -4.16666667E-02        0.00000000E+00        5.66274553E-01        6.81013681E-04    
    0.00000000E+00        0.00000000E+00        7.08073421E-01        9.99902599E-05    
    4.16666667E-02        0.00000000E+00        8.01619557E-01        7.03796203E-04    
    8.33333333E-02        0.00000000E+00        8.40536644E-01        2.48084648E-03    
    1.25000000E-01        0.00000000E+00        8.22171205E-01        5.63822910E-03    
    1.66666667E-01        0.00000000E+00        7.47774152E-01        9.40600483E-03    
    2.08333333E-01        0.00000000E+00        6.22415907E-01        1.25968585E-02    
    2.50000000E-01        0.00000000E+00        4.54640671E-01        1.42344762E-02    
    2.91666667E-01        0.00000000E+00        2.55883503E-01        1.40317989E-02    
    3.33333333E-01        0.00000000E+00        3.96902422E-02        1.24011985E-02    
    3.75000000E-01        0.00000000E+00       -1.79206123E-01        9.95531151E-03    
    4.16666667E-01        0.00000000E+00       -3.85889375E-01        6.98115972E-03    
    4.58333333E-01        0.00000000E+00       -5.66275893E-01        3.55134188E-03    
    5.00000000E-01        0.00000000E+00       -7.08073540E-01        2.80355675E-04    
   -5.00000000E-01        4.16666667E-02       -8.01616870E-01        2.73618065E-03    
   -4.58333333E-01        4.16666667E-02       -9.07521171E-01        8.94599097E-05    
   -4.16666667E-01        4.16666667E-02       -9.51579954E-01        1.31520656E-03    
   -3.75000000E-01        4.16666667E-02       -9.30789115E-01        9.01288693E-04    
   -3.33333333E-01        4.16666667E-02       -8.46564608E-01        8.56835163E-04    
   -2.91666667E-01        4.16666667E-02       -7.04646479E-01        2.77907163E-03    
   -2.50000000E-01        4.16666667E-02       -5.14707484E-01        3.96569895E-03    
   -2.08333333E-01        4.16666667E-02       -2.89693096E-01        3.94858474E-03    
   -1.66666667E-01        4.16666667E-02       -4.49384141E-02        3.00882656E-03    
   -1.25000000E-01        4.16666667E-02        2.02877308E-01        1.84997758E-03    
   -8.33333333E-02        4.16666667E-02        4.36867054E-01        9.00907171E-04    
   -4.16666667E-02        4.16666667E-02        6.41086120E-01        9.96132089E-05    
    0.00000000E+00        4.16666667E-02        8.01617957E-01        7.83351067E-04    
    4.16666667E-02        4.16666667E-02        9.07522216E-01        1.02507595E-03    
    8.33333333E-02        4.16666667E-02        9.51580534E-01        1.70296628E-03    
    1.25000000E-01        4.16666667E-02        9.30789109E-01        4.35580702E-03    
    1.66666667E-01        4.16666667E-02        8.46564125E-01        7.87594610E-03    
    2.08333333E-01        4.16666667E-02        7.04645659E-01        1.10030988E-02    
    2.50000000E-01        4.16666667E-02        5.14706381E-01        1.28224476E-02    
    2.91666667E-01        4.16666667E-02        2.89691764E-01        1.31274251E-02    
    3.33333333E-01        4.16666667E-02        4.49370681E-02        1.23432843E-02    
    3.75000000E-01        4.16666667E-02       -2.02878274E-01        1.09157909E-02    
    4.16666667E-01        4.16666667E-02       -4.36867272E-01        8.83437020E-03    
    4.58333333E-01        4.16666667E-02       -6.41085522E-01        5.98006878E-03    
    5.00000000E-01        4.16666667E-02       -8.01616870E-01        2.73618065E-03    
   -5.00000000E-01        8.33333333E-02       -8.40528997E-01        3.89875146E-03    
   -4.58333333E-01        8.33333333E-02       -9.51575311E-01        1.34343307E-03    
   -4.16666667E-01        8.33333333E-02       -9.97774071E-01        6.57393966E-05    
   -3.75000000E-01        8.33333333E-02       -9.75975208E-01        4.04187888E-04    
   -3.33333333E-01        8.33333333E-02       -8.87663178E-01        1.83544545E-03    
   -2.91666667E-01        8.33333333E-02       -7.38856427E-01        3.48056966E-03    
   -2.50000000E-01        8.33333333E-02       -5.39697123E-01        4.34082324E-03    
   -2.08333333E-01        8.33333333E-02       -3.03759200E-01        3.98674159E-03    
   -1.66666667E-01        8.33333333E-02       -4.71223877E-02        2.71393321E-03    
   -1.25000000E-01        8.33333333E-02        2.12724102E-01        1.23989443E-03    
   -8.33333333E-02        8.33333333E-02        4.58073267E-01        2.04604762E-04    
   -4.16666667E-02        8.33333333E-02        6.72206316E-01        1.05528441E-03    
    0.00000000E+00        8.33333333E-02        8.40531237E-01        1.98639809E-03    
    4.16666667E-02        8.33333333E-02        9.51576783E-01        2.25463045E-03    
    8.33333333E-02        8.33333333E-02        9.97774348E-01        1.35496292E-03    
    1.25000000E-01        8.33333333E-02        9.75974357E-01        1.71792609E-03    
    1.66666667E-01        8.33333333E-02        8.87661644E-01        4.71464161E-03    
    2.08333333E-01        8.33333333E-02        7.38854739E-01        7.55262087E-03    
    2.50000000E-01        8.33333333E-02        5.39695677E-01        9.35396378E-03    
    2.91666667E-01        8.33333333E-02        3.03758250E-01        1.00592375E-02    
    3.33333333E-01        8.33333333E-02        4.71221560E-02        1.01623571E-02    
    3.75000000E-01        8.33333333E-02       -2.12723412E-01        9.89193713E-03    
    4.16666667E-01        8.33333333E-02       -4.58071624E-01        8.85302185E-03    
    4.58333333E-01        8.33333333E-02       -6.72204041E-01        6.72578377E-03    
    5.00000000E-01        8.33333333E-02       -8.40528997E-01        3.89875146E-03    
   -5.00000000E-01        1.25000000E-01       -8.22158375E-01        3.40702970E-03    
   -4.58333333E-01        1.25000000E-01       -9.30779016E-01        1.23403447E-03    
   -4.16666667E-01        1.25000000E-01       -9.75969598E-01        5.38478671E-04    
   -3.75000000E-01        1.25000000E-01       -9.54648645E-01        9.82549526E-05    
   -3.33333333E-01        1.25000000E-01       -8.68267840E-01        1.44971733E-03    
   -2.91666667E-01        1.25000000E-01       -7.22713832E-01        2.97282718E-03    
   -2.50000000E-01        1.25000000E-01       -5.27907040E-01        3.65784183E-03    
   -2.08333333E-01        1.25000000E-01       -2.97124852E-01        3.12487150E-03    
   -1.66666667E-01        1.25000000E-01       -4.60958254E-02        1.73951247E-03    
   -1.25000000E-01        1.25000000E-01        2.08072800E-01        6.17870641E-04    
   -8.33333333E-02        1.25000000E-01        4.48060855E-01        1.26976667E-03    
   -4.16666667E-02        1.25000000E-01        6.57514930E-01        2.14560383E-03    
    0.00000000E+00        1.25000000E-01        8.22162008E-01        3.12887808E-03    
    4.16666667E-02        1.25000000E-01        9.30781634E-01        3.69703543E-03    
    8.33333333E-02        1.25000000E-01        9.75970606E-01        3.14051370E-03    
    1.25000000E-01        1.25000000E-01        9.54648056E-01        1.34636206E-03    
    1.66666667E-01        1.25000000E-01        8.68266169E-01        1.33442940E-03    
    2.08333333E-01        1.25000000E-01        7.22711786E-01        3.56202716E-03    
    2.50000000E-01        1.25000000E-01        5.27905250E-01        4.95185744E-03    
    2.91666667E-01        1.25000000E-01        2.97123807E-01        5.70142614E-03    
    3.33333333E-01        1.25000000E-01        4.60959115E-02        6.52943754E-03    
    3.75000000E-01        1.25000000E-01       -2.08071323E-01        7.33447314E-03    
    4.16666667E-01        1.25000000E-01       -4.48058026E-01        7.23447524E-03    
    4.58333333E-01        1.25000000E-01       -6.57511247E-01        5.77520877E-03    
    5.00000000E-01        1.25000000E-01       -8.22158375E-01        3.40702970E-03    
   -5.00000000E-01        1.66666667E-01       -7.47757643E-01        2.24717189E-03    
   -4.58333333E-01        1.66666667E-01       -8.46550055E-01        1.80808118E-03    
   -4.16666667E-01        1.66666667E-01       -8.87652799E-01        2.18051008E-03    
   -3.75000000E-01        1.66666667E-01       -8.68262899E-01        1.55071259E-03    
   -3.33333333E-01        1.66666667E-01       -7.89700237E-01        2.48389551E-04    
   -2.91666667E-01        1.66666667E-01       -6.57318448E-01        1.58222936E-03    
   -2.50000000E-01        1.66666667E-01       -4.80140158E-01        2.23962494E-03    
   -2.08333333E-01        1.66666667E-01       -2.70241418E-01        1.72537033E-03    
   -1.66666667E-01        1.66666667E-01       -4.19277411E-02        9.26635810E-04    
   -1.25000000E-01        1.66666667E-01        1.89241486E-01        1.75235011E-03    
   -8.33333333E-02        1.66666667E-01        4.07513368E-01        2.53087113E-03    
   -4.16666667E-02        1.66666667E-01        5.98014426E-01        2.93102663E-03    
    0.00000000E+00        1.66666667E-01        7.47763351E-01        3.61362534E-03    
    4.16666667E-02        1.66666667E-01        8.46555062E-01        4.36123080E-03    
    8.33333333E-02        1.66666667E-01        8.87656138E-01        4.35070217E-03    
    1.25000000E-01        1.66666667E-01        8.68264224E-01        3.41857884E-03    
    1.66666667E-01        1.66666667E-01        7.89699816E-01        2.44771103E-03    
    2.08333333E-01        1.66666667E-01        6.57316919E-01        2.35516282E-03    
    2.50000000E-01        1.66666667E-01        4.80138281E-01        2.12488046E-03    
    2.91666667E-01        1.66666667E-01        2.70239969E-01        1.49837118E-03    
    3.33333333E-01        1.66666667E-01        4.19274832E-02        2.63352994E-03    
    3.75000000E-01        1.66666667E-01       -1.89239936E-01        4.29049839E-03    
    4.16666667E-01        1.66666667E-01       -4.07509801E-01        4.82048532E-03    
    4.58333333E-01        1.66666667E-01       -5.98009274E-01        3.88441476E-03    
    5.00000000E-01        1.66666667E-01       -7.47757643E-01        2.24717189E-03    
   -5.00000000E-01        2.08333333E-01       -6.22398057E-01        2.79720813E-03    
   -4.58333333E-01        2.08333333E-01       -7.04629419E-01        3.85154492E-03    
   -4.16666667E-01        2.08333333E-01       -7.38843143E-01        4.27341009E-03    
   -3.75000000E-01        2.08333333E-01       -7.22705669E-01        3.42619759E-03    
   -3.33333333E-01        2.08333333E-01       -6.57315030E-01        1.70277874E-03    
   -2.91666667E-01        2.08333333E-01       -5.47126971E-01        3.01574867E-04    
   -2.50000000E-01        2.08333333E-01       -3.99651488E-01        8.03421285E-04    
   -2.08333333E-01        2.08333333E-01       -2.24940397E-01        7.49571390E-04    
   -1.66666667E-01        2.08333333E-01       -3.49013177E-02        1.78236853E-03    
   -1.25000000E-01        2.08333333E-01        1.57514586E-01        3.13054113E-03    
   -8.33333333E-02        2.08333333E-01        3.39195303E-01        3.72511348E-03    
   -4.16666667E-02        2.08333333E-01        4.97760964E-01        3.53305967E-03    
    0.00000000E+00        2.08333333E-01        6.22406644E-01        3.46761448E-03    
    4.16666667E-02        2.08333333E-01        7.04638044E-01        3.96213826E-03    
    8.33333333E-02        2.08333333E-01        7.38850275E-01        4.17682383E-03    
    1.25000000E-01        2.08333333E-01        7.22710352E-01        3.80586518E-03    
    1.66666667E-01        2.08333333E-01        6.57317039E-01        3.58712608E-03    
    2.08333333E-01        2.08333333E-01        5.47126700E-01        3.81320243E-03    
    2.50000000E-01        2.08333333E-01        3.99649765E-01        3.53490355E-03    
    2.91666667E-01        2.08333333E-01        2.24938365E-01        2.25467265E-03    
    3.33333333E-01        2.08333333E-01        3.49003011E-02        1.10993786E-03    
    3.75000000E-01        2.08333333E-01       -1.57513360E-01        2.20054440E-03    
    4.16666667E-01        2.08333333E-01       -3.39191132E-01        2.83397405E-03    
    4.58333333E-01        2.08333333E-01       -4.97754035E-01        2.57348300E-03    
    5.00000000E-01        2.08333333E-01       -6.22398057E-01        2.79720813E-03    
   -5.00000000E-01        2.50000000E-01       -4.54623578E-01        4.30959512E-03    
   -4.58333333E-01        2.50000000E-01       -5.14689829E-01        5.59680197E-03    
   -4.16666667E-01        2.50000000E-01       -5.39682897E-01        5.82322860E-03    
   -3.75000000E-01        2.50000000E-01       -5.27897539E-01        4.68308996E-03    
   -3.33333333E-01        2.50000000E-01       -4.80135003E-01        2.69590030E-03    
   -2.91666667E-01        2.50000000E-01       -3.99649469E-01        8.77486862E-04    
   -2.50000000E-01        2.50000000E-01       -2.91926576E-01        9.99714980E-05    
   -2.08333333E-01        2.50000000E-01       -1.64309014E-01        8.61141887E-04    
   -1.66666667E-01        2.50000000E-01       -2.54951108E-02        2.47967683E-03    
   -1.25000000E-01        2.50000000E-01        1.15054767E-01        4.05272146E-03    
   -8.33333333E-02        2.50000000E-01        2.47763099E-01        4.76758779E-03    
   -4.16666667E-02        2.50000000E-01        3.63587364E-01        4.51317171E-03    
    0.00000000E+00        2.50000000E-01        4.54635396E-01        4.00204827E-03    
    4.16666667E-02        2.50000000E-01        5.14702522E-01        3.83520974E-03    
    8.33333333E-02        2.50000000E-01        5.39694269E-01        3.50817216E-03    
    1.25000000E-01        2.50000000E-01        5.27905921E-01        2.73937137E-03    
    1.66666667E-01        2.50000000E-01        4.80139605E-01        2.74837999E-03    
    2.08333333E-01        2.50000000E-01        3.99650413E-01        3.79981127E-03    
    2.50000000E-01        2.50000000E-01        2.91924790E-01        4.30044695E-03    
    2.91666667E-01        2.50000000E-01        1.64306081E-01        3.68188730E-03    
    3.33333333E-01        2.50000000E-01        2.54930214E-02        2.51009831E-03    
    3.75000000E-01        2.50000000E-01       -1.15054074E-01        1.97585829E-03    
    4.16666667E-01        2.50000000E-01       -2.47758354E-01        2.22978174E-03    
    4.58333333E-01        2.50000000E-01       -3.63578483E-01        2.93437800E-03    
    5.00000000E-01        2.50000000E-01       -4.54623578E-01        4.30959512E-03    
   -5.00000000E-01        2.91666667E-01       -2.55868337E-01        5.05911378E-03    
   -4.58333333E-01        2.91666667E-01       -2.89676245E-01        6.21749935E-03    
   -4.16666667E-01        2.91666667E-01       -3.03745638E-01        6.12107782E-03    
   -3.75000000E-01        2.91666667E-01       -2.97115630E-01        4.63139488E-03    
   -3.33333333E-01        2.91666667E-01       -2.70235953E-01        2.42606712E-03    
   -2.91666667E-01        2.91666667E-01       -2.24937440E-01        9.61812628E-04    
   -2.50000000E-01        2.91666667E-01       -1.64307639E-01        9.86058822E-04    
   -2.08333333E-01        2.91666667E-01       -9.24798836E-02        6.84864479E-04    
   -1.66666667E-01        2.91666667E-01       -1.43505854E-02        2.17050127E-03    
   -1.25000000E-01        2.91666667E-01        6.47553332E-02        4.11156699E-03    
   -8.33333333E-02        2.91666667E-01        1.39447555E-01        5.37910790E-03    
   -4.16666667E-02        2.91666667E-01        2.04637211E-01        5.81693643E-03    
    0.00000000E+00        2.91666667E-01        2.55882794E-01        5.88013928E-03    
    4.16666667E-02        2.91666667E-01        2.89692102E-01        5.74757222E-03    
    8.33333333E-02        2.91666667E-01        3.03760064E-01        4.91745793E-03    
    1.25000000E-01        2.91666667E-01        2.97126353E-01        3.03901958E-03    
    1.66666667E-01        2.91666667E-01        2.70241767E-01        8.38393690E-04    
    2.08333333E-01        2.91666667E-01        2.24938356E-01        2.25580237E-03    
    2.50000000E-01        2.91666667E-01        1.64304805E-01        3.55466432E-03    
    2.91666667E-01        2.91666667E-01        9.24753782E-02        3.53641294E-03    
    3.33333333E-01        2.91666667E-01        1.43470328E-02        2.63310340E-03    
    3.75000000E-01        2.91666667E-01       -6.47553887E-02        1.85476942E-03    
    4.16666667E-01        2.91666667E-01       -1.39442430E-01        2.14845653E-03    
    4.58333333E-01        2.91666667E-01       -2.04626710E-01        3.41512225E-03    
    5.00000000E-01        2.91666667E-01       -2.55868337E-01        5.05911378E-03    
   -5.00000000E-01        3.33333333E-01       -3.96772959E-02        4.69002839E-03    
   -4.58333333E-01        3.33333333E-01       -4.49234686E-02        5.50068685E-03    
   -4.16666667E-01        3.33333333E-01       -4.71109322E-02        4.97150621E-03    
   -3.75000000E-01        3.33333333E-01       -4.60884236E-02        3.14863775E-03    
   -3.33333333E-01        3.33333333E-01       -4.19233583E-02        1.54443999E-03    
   -2.91666667E-01        3.33333333E-01       -3.48984406E-02        2.66730173E-03    
   -2.50000000E-01        3.33333333E-01       -2.54928481E-02        3.33941484E-03    
   -2.08333333E-01        3.33333333E-01       -1.43490854E-02        2.49186889E-03    
   -1.66666667E-01        3.33333333E-01       -2.22814973E-03        1.40548971E-03    
   -1.25000000E-01        3.33333333E-01        1.00432657E-02        3.06873744E-03    
   -8.33333333E-02        3.33333333E-01        2.16293992E-02        5.06199323E-03    
   -4.16666667E-02        3.33333333E-01        3.17419117E-02        6.55495057E-03    
    0.00000000E+00        3.33333333E-01        3.96927221E-02        7.65146655E-03    
    4.16666667E-02        3.33333333E-01        4.49401316E-02        8.15527400E-03    
    8.33333333E-02        3.33333333E-01        4.71255469E-02        7.51982436E-03    
    1.25000000E-01        3.33333333E-01        4.60984287E-02        5.51530211E-03    
    1.66666667E-01        3.33333333E-01        4.19275032E-02        2.63626468E-03    
    2.08333333E-01        3.33333333E-01        3.48969458E-02        6.35262964E-04    
    2.50000000E-01        3.33333333E-01        2.54872702E-02        2.14375860E-03    
    2.91666667E-01        3.33333333E-01        1.43419994E-02        2.52215040E-03    
    3.33333333E-01        3.33333333E-01        2.22263411E-03        1.84454785E-03    
    3.75000000E-01        3.33333333E-01       -1.00443784E-02        1.07150820E-03    
    4.16666667E-01        3.33333333E-01       -2.16243804E-02        1.69943388E-03    
    4.58333333E-01        3.33333333E-01       -3.17307753E-02        3.17131409E-03    
    5.00000000E-01        3.33333333E-01       -3.96772959E-02        4.69002839E-03    
   -5.00000000E-01        3.75000000E-01        1.79216752E-01        3.47014401E-03    
   -4.58333333E-01        3.75000000E-01        2.02888965E-01        3.75830472E-03    
   -4.16666667E-01        3.75000000E-01        2.12731663E-01        2.74257792E-03    
   -3.75000000E-01        3.75000000E-01        2.08076430E-01        1.36234966E-03    
   -3.33333333E-01        3.75000000E-01        1.89242927E-01        3.51178380E-03    
   -2.91666667E-01        3.75000000E-01        1.57515856E-01        5.91896535E-03    
   -2.50000000E-01        3.75000000E-01        1.15056919E-01        6.81454968E-03    
   -2.08333333E-01        3.75000000E-01        6.47579968E-02        5.82964947E-03    
   -1.66666667E-01        3.75000000E-01        1.00451575E-02        3.51922994E-03    
   -1.25000000E-01        3.75000000E-01       -4.53538356E-02        1.74023776E-03    
   -8.33333333E-02        3.75000000E-01       -9.76632218E-02        3.47027636E-03    
   -4.16666667E-02        3.75000000E-01       -1.43316993E-01        5.89249945E-03    
    0.00000000E+00        3.75000000E-01       -1.79202800E-01        8.01402845E-03    
    4.16666667E-02        3.75000000E-01       -2.02874854E-01        9.30219687E-03    
    8.33333333E-02        3.75000000E-01       -2.12720826E-01        9.13834488E-03    
    1.25000000E-01        3.75000000E-01       -2.08071246E-01        7.34481425E-03    
    1.66666667E-01        3.75000000E-01       -1.89244187E-01        4.48206268E-03    
    2.08333333E-01        3.75000000E-01       -1.57522720E-01        1.73563174E-03    
    2.50000000E-01        3.75000000E-01       -1.15067224E-01        1.21689010E-03    
    2.91666667E-01        3.75000000E-01       -6.47687312E-02        1.59898913E-03    
    3.33333333E-01        3.75000000E-01       -1.00530962E-02        1.05310600E-03    
    3.75000000E-01        3.75000000E-01        4.53513436E-02        1.00009018E-04    
    4.16666667E-01        3.75000000E-01        9.76674440E-02        1.16697494E-03    
    4.58333333E-01        3.75000000E-01        1.43327298E-01        2.39386135E-03    
    5.00000000E-01        3.75000000E-01        1.79216752E-01        3.47014401E-03    
   -5.00000000E-01        4.16666667E-01        3.85897037E-01        2.00130560E-03    
   -4.58333333E-01        4.16666667E-01        4.36873431E-01        1.67009425E-03    
   -4.16666667E-01        4.16666667E-01        4.58074569E-01        5.19210616E-04    
   -3.75000000E-01        4.16666667E-01        4.48058161E-01        3.13765749E-03    
   -3.33333333E-01        4.16666667E-01        4.07509337E-01        6.62435052E-03    
   -2.91666667E-01        4.16666667E-01        3.39192658E-01        9.43065130E-03    
   -2.50000000E-01        4.16666667E-01        2.47763241E-01        1.05273985E-02    
   -2.08333333E-01        4.16666667E-01        1.39450044E-01        9.58712108E-03    
   -1.66666667E-01        4.16666667E-01        2.16325086E-02        7.06945431E-03    
   -1.25000000E-01        4.16666667E-01       -9.76612877E-02        3.86774376E-03    
   -8.33333333E-02        4.16666667E-01       -2.10301351E-01        1.48528402E-03    
   -4.16666667E-02        4.16666667E-01       -3.08610230E-01        3.62559780E-03    
    0.00000000E+00        4.16666667E-01       -3.85887124E-01        6.50067880E-03    
    4.16666667E-02        4.16666667E-01       -4.36865347E-01        8.49405942E-03    
    8.33333333E-02        4.16666667E-01       -4.58071517E-01        8.86755118E-03    
    1.25000000E-01        4.16666667E-01       -4.48061822E-01        7.43338675E-03    
    1.66666667E-01        4.16666667E-01       -4.07519515E-01        4.76202848E-03    
    2.08333333E-01        4.16666667E-01       -3.39207512E-01        1.99952509E-03    
    2.50000000E-01        4.16666667E-01       -2.47779852E-01        9.67156702E-04    
    2.91666667E-01        4.16666667E-01       -1.39465097E-01        1.38463452E-03    
    3.33333333E-01        4.16666667E-01       -2.16430077E-02        1.14942924E-03    
    3.75000000E-01        4.16666667E-01        9.76572942E-02        9.12018088E-04    
    4.16666667E-01        4.16666667E-01        2.10304146E-01        1.17508644E-03    
    4.58333333E-01        4.16666667E-01        3.08618180E-01        1.62260629E-03    
    5.00000000E-01        4.16666667E-01        3.85897037E-01        2.00130560E-03    
   -5.00000000E-01        4.58333333E-01        5.66279245E-01        1.01831362E-03    
   -4.58333333E-01        4.58333333E-01        6.41085006E-01        4.55754784E-04    
   -4.16666667E-01        4.58333333E-01        6.72198898E-01        1.98275816E-03    
   -3.75000000E-01        4.58333333E-01        6.57503290E-01        5.23331676E-03    
   -3.33333333E-01        4.58333333E-01        5.98002242E-01        8.98106728E-03    
   -2.91666667E-01        4.58333333E-01        4.97751784E-01        1.20192217E-02    
   -2.50000000E-01        4.58333333E-01        3.63583064E-01        1.33503235E-02    
   -2.08333333E-01        4.58333333E-01        2.04637408E-01        1.26627614E-02    
   -1.66666667E-01        4.58333333E-01        3.17445513E-02        1.03864294E-02    
   -1.25000000E-01        4.58333333E-01       -1.43314295E-01        7.26356565E-03    
   -8.33333333E-02        4.58333333E-01       -3.08608903E-01        3.81277274E-03    
   -4.16666667E-02        4.58333333E-01       -4.52873461E-01        8.49855979E-04    
    0.00000000E+00        4.58333333E-01       -5.66275226E-01        3.50476709E-03    
    4.16666667E-02        4.58333333E-01       -6.41085460E-01        5.98913654E-03    
    8.33333333E-02        4.58333333E-01       -6.72206431E-01        6.83442253E-03    
    1.25000000E-01        4.58333333E-01       -6.57518440E-01        5.80656324E-03    
    1.66666667E-01        4.58333333E-01       -5.98023427E-01        3.45668371E-03    
    2.08333333E-01        4.58333333E-01       -4.97775906E-01        9.55270492E-04    
    2.50000000E-01        4.58333333E-01       -3.63606413E-01        1.27576945E-03    
    2.91666667E-01        4.58333333E-01       -2.04656556E-01        1.92371581E-03    
    3.33333333E-01        4.58333333E-01       -3.17570973E-02        1.74515960E-03    
    3.75000000E-01        4.58333333E-01        1.43309159E-01        1.48208041E-03    
    4.16666667E-01        4.58333333E-01        3.08610073E-01        1.40247985E-03    
    4.58333333E-01        4.58333333E-01        4.52878045E-01        1.25529543E-03    
    5.00000000E-01        4.58333333E-01        5.66279245E-01        1.01831362E-03    
   -5.00000000E-01        5.00000000E-01        7.08071297E-01        8.62384277E-04    
   -4.58333333E-01        5.00000000E-01        8.01607995E-01        1.21343561E-03    
   -4.16666667E-01        5.00000000E-01        8.40513686E-01        2.83700712E-03    
   -3.75000000E-01        5.00000000E-01        8.22139912E-01        5.93218435E-03    
   -3.33333333E-01        5.00000000E-01        7.47741373E-01        9.62955759E-03    
   -2.91666667E-01        5.00000000E-01        6.22389155E-01        1.27353858E-02    
   -2.50000000E-01        5.00000000E-01        4.54624785E-01        1.42924008E-02    
   -2.08333333E-01        5.00000000E-01        2.55878806E-01        1.40295660E-02    
   -1.66666667E-01        5.00000000E-01        3.96930733E-02        1.23652644E-02    
   -1.25000000E-01        5.00000000E-01       -1.79200977E-01        9.90898270E-03    
   -8.33333333E-02        5.00000000E-01       -3.85885836E-01        6.93855981E-03    
   -4.16666667E-02        5.00000000E-01       -5.66274944E-01        3.51683713E-03    
    0.00000000E+00        5.00000000E-01       -7.08073582E-01        2.67808448E-04    
    4.16666667E-02        5.00000000E-01       -8.01617597E-01        2.75540973E-03    
    8.33333333E-02        5.00000000E-01       -8.40532339E-01        3.92572401E-03    
    1.25000000E-01        5.00000000E-01       -8.22166751E-01        3.26126423E-03    
    1.66666667E-01        5.00000000E-01       -7.47773261E-01        1.27599854E-03    
    2.08333333E-01        5.00000000E-01       -6.22421706E-01        1.02241742E-03    
    2.50000000E-01        5.00000000E-01       -4.54653606E-01        2.56748423E-03    
    2.91666667E-01        5.00000000E-01       -2.55900581E-01        2.93907310E-03    
    3.33333333E-01        5.00000000E-01       -3.97062747E-02        2.42117993E-03    
    3.75000000E-01        5.00000000E-01        1.79195754E-01        1.74517471E-03    
    4.16666667E-01        5.00000000E-01        3.85885935E-01        1.30609531E-03    
    4.58333333E-01        5.00000000E-01        5.66276182E-01        9.55315536E-04    
    5.00000000E-01        5.00000000E-01        7.08071297E-01        8.62384277E-04    
