Model dump (x mu nu), grid of 25x25=625 pts
Model parameter values (noise variance lengthscales [periods]): (1e-12, 999.99997, [1.0, 5.9692717], [999.99997, 1.0])
   -5.00000000E-01       -5.00000000E-01        7.08070864E-01        1.05762749E-03    
   -4.58333333E-01       -5.00000000E-01        8.01611083E-01        4.43036169E-03    
   -4.16666667E-01       -5.00000000E-01        8.40521039E-01        9.18138673E-03    
   -3.75000000E-01       -5.00000000E-01        8.22150650E-01        1.38054697E-02    
   -3.33333333E-01       -5.00000000E-01        7.47753180E-01        1.74214291E-02    
   -2.91666667E-01       -5.00000000E-01        6.22399183E-01        1.93424221E-02    
   -2.50000000E-01       -5.00000000E-01        4.54630843E-01        1.93805706E-02    
   -2.08333333E-01       -5.00000000E-01        2.55880251E-01        1.79074673E-02    
   -1.66666667E-01       -5.00000000E-01        3.96909386E-02        1.55011904E-02    
   -1.25000000E-01       -5.00000000E-01       -1.79204641E-01        1.24436748E-02    
   -8.33333333E-02       -5.00000000E-01       -3.85889028E-01        8.67858254E-03    
   -4.16666667E-02       -5.00000000E-01       -5.66276584E-01        4.32312096E-03    
    0.00000000E+00       -5.00000000E-01       -7.08073758E-01        3.36680093E-04    
    4.16666667E-02       -5.00000000E-01       -8.01617140E-01        3.24832960E-03    
    8.33333333E-02       -5.00000000E-01       -8.40532071E-01        4.59923844E-03    
    1.25000000E-01       -5.00000000E-01       -8.22166915E-01        3.87906865E-03    
    1.66666667E-01       -5.00000000E-01       -7.47773470E-01        1.60859299E-03    
    2.08333333E-01       -5.00000000E-01       -6.22421367E-01        1.34106574E-03    
    2.50000000E-01       -5.00000000E-01       -4.54652504E-01        3.95867835E-03    
    2.91666667E-01       -5.00000000E-01       -2.55899175E-01        5.79514375E-03    
    3.33333333E-01       -5.00000000E-01       -3.97054895E-02        6.69860721E-03    
    3.75000000E-01       -5.00000000E-01        1.79195148E-01        6.66055480E-03    
    4.16666667E-01       -5.00000000E-01        3.85883986E-01        5.61279707E-03    
    4.58333333E-01       -5.00000000E-01        5.66274038E-01        3.48275320E-03    
    5.00000000E-01       -5.00000000E-01        7.08070864E-01        1.05762749E-03    
   -5.00000000E-01       -4.58333333E-01        8.01612820E-01        4.43688047E-03    
   -4.58333333E-01       -4.58333333E-01        9.07509892E-01        9.11906987E-03    
   -4.16666667E-01       -4.58333333E-01        9.51560529E-01        1.36778766E-02    
   -3.75000000E-01       -4.58333333E-01        9.30764359E-01        1.74784545E-02    
   -3.33333333E-01       -4.58333333E-01        8.46539758E-01        1.98614691E-02    
   -2.91666667E-01       -4.58333333E-01        7.04626642E-01        2.04195259E-02    
   -2.50000000E-01       -4.58333333E-01        5.14695329E-01        1.93225651E-02    
   -2.08333333E-01       -4.58333333E-01        2.89688041E-01        1.73523692E-02    
   -1.66666667E-01       -4.58333333E-01        4.49375826E-02        1.53400383E-02    
   -1.25000000E-01       -4.58333333E-01       -2.02877141E-01        1.33380868E-02    
   -8.33333333E-02       -4.58333333E-01       -4.36867745E-01        1.07132602E-02    
   -4.16666667E-02       -4.58333333E-01       -6.41087564E-01        7.15903497E-03    
    0.00000000E+00       -4.58333333E-01       -8.01618772E-01        3.22506042E-03    
    4.16666667E-02       -4.58333333E-01       -9.07521125E-01        1.07900039E-04    
    8.33333333E-02       -4.58333333E-01       -9.51577573E-01        1.56210258E-03    
    1.25000000E-01       -4.58333333E-01       -9.30785968E-01        1.11113325E-03    
    1.66666667E-01       -4.58333333E-01       -8.46563399E-01        1.01692038E-03    
    2.08333333E-01       -4.58333333E-01       -7.04649393E-01        3.69965420E-03    
    2.50000000E-01       -4.58333333E-01       -5.14714726E-01        6.06596294E-03    
    2.91666667E-01       -4.58333333E-01       -2.89702585E-01        7.40273895E-03    
    3.33333333E-01       -4.58333333E-01       -4.49469168E-02        7.41780291E-03    
    3.75000000E-01       -4.58333333E-01        2.02872197E-01        6.09838510E-03    
    4.16666667E-01       -4.58333333E-01        4.36865258E-01        3.56509851E-03    
    4.58333333E-01       -4.58333333E-01        6.41084789E-01        5.55789229E-04    
    5.00000000E-01       -4.58333333E-01        8.01612820E-01        4.43688047E-03    
   -5.00000000E-01       -4.16666667E-01        8.40526617E-01        9.20864922E-03    
   -4.58333333E-01       -4.16666667E-01        9.51563984E-01        1.36990702E-02    
   -4.16666667E-01       -4.16666667E-01        9.97753429E-01        1.74246054E-02    
   -3.75000000E-01       -4.16666667E-01        9.75948789E-01        1.98919649E-02    
   -3.33333333E-01       -4.16666667E-01        8.87636901E-01        2.06528744E-02    
   -2.91666667E-01       -4.16666667E-01        7.38835855E-01        1.95327134E-02    
   -2.50000000E-01       -4.16666667E-01        5.39685046E-01        1.69910086E-02    
   -2.08333333E-01       -4.16666667E-01        3.03754825E-01        1.42708715E-02    
   -1.66666667E-01       -4.16666667E-01        4.71223943E-02        1.26654706E-02    
   -1.25000000E-01       -4.16666667E-01       -2.12723465E-01        1.19322170E-02    
   -8.33333333E-02       -4.16666667E-01       -4.58074291E-01        1.06137306E-02    
   -4.16666667E-02       -4.16666667E-01       -6.72209107E-01        7.98545394E-03    
    0.00000000E+00       -4.16666667E-01       -8.40534316E-01        4.57000618E-03    
    4.16666667E-02       -4.16666667E-01       -9.51578466E-01        1.55412597E-03    
    8.33333333E-02       -4.16666667E-01       -9.97774030E-01        1.08760063E-04    
    1.25000000E-01       -4.16666667E-01       -9.75972987E-01        4.13592646E-04    
    1.66666667E-01       -4.16666667E-01       -8.87661145E-01        2.26937146E-03    
    2.08333333E-01       -4.16666667E-01       -7.38856737E-01        4.69955408E-03    
    2.50000000E-01       -4.16666667E-01       -5.39700280E-01        6.62558930E-03    
    2.91666667E-01       -4.16666667E-01       -3.03763703E-01        7.27521153E-03    
    3.33333333E-01       -4.16666667E-01       -4.71257538E-02        6.32860027E-03    
    3.75000000E-01       -4.16666667E-01        2.12723526E-01        3.85919368E-03    
    4.16666667E-01       -4.16666667E-01        4.58074824E-01        6.33036106E-04    
    4.58333333E-01       -4.16666667E-01        6.72206880E-01        4.46489624E-03    
    5.00000000E-01       -4.16666667E-01        8.40526617E-01        9.20864922E-03    
   -5.00000000E-01       -3.75000000E-01        8.22160006E-01        1.38444438E-02    
   -4.58333333E-01       -3.75000000E-01        9.30770944E-01        1.75151452E-02    
   -4.16666667E-01       -3.75000000E-01        9.75951642E-01        1.99108990E-02    
   -3.75000000E-01       -3.75000000E-01        9.54624564E-01        2.07510784E-02    
   -3.33333333E-01       -3.75000000E-01        8.68243691E-01        1.98242955E-02    
   -2.91666667E-01       -3.75000000E-01        7.22695160E-01        1.71010755E-02    
   -2.50000000E-01       -3.75000000E-01        5.27896462E-01        1.30985860E-02    
   -2.08333333E-01       -3.75000000E-01        2.97121311E-01        9.35390020E-03    
   -1.66666667E-01       -3.75000000E-01        4.60957388E-02        8.10458854E-03    
   -1.25000000E-01       -3.75000000E-01       -2.08073341E-01        8.79306933E-03    
   -8.33333333E-02       -3.75000000E-01       -4.48064131E-01        8.66854755E-03    
   -4.16666667E-02       -3.75000000E-01       -6.57520843E-01        6.79105224E-03    
    0.00000000E+00       -3.75000000E-01       -8.22168706E-01        3.82289910E-03    
    4.16666667E-02       -3.75000000E-01       -9.30786934E-01        1.07628652E-03    
    8.33333333E-02       -3.75000000E-01       -9.75973353E-01        4.12239829E-04    
    1.25000000E-01       -3.75000000E-01       -9.54648672E-01        9.99749095E-05    
    1.66666667E-01       -3.75000000E-01       -8.68266168E-01        1.78688723E-03    
    2.08333333E-01       -3.75000000E-01       -7.22712569E-01        3.96802117E-03    
    2.50000000E-01       -3.75000000E-01       -5.27906945E-01        5.45951882E-03    
    2.91666667E-01       -3.75000000E-01       -2.97124930E-01        5.48857752E-03    
    3.33333333E-01       -3.75000000E-01       -4.60942389E-02        3.84595881E-03    
    3.75000000E-01       -3.75000000E-01        2.08077063E-01        1.67007764E-03    
    4.16666667E-01       -3.75000000E-01        4.48066648E-01        4.63562778E-03    
    4.58333333E-01       -3.75000000E-01        6.57518894E-01        9.32668298E-03    
    5.00000000E-01       -3.75000000E-01        8.22160006E-01        1.38444438E-02    
   -5.00000000E-01       -3.33333333E-01        7.47764724E-01        1.74557252E-02    
   -4.58333333E-01       -3.33333333E-01        8.46547817E-01        1.98971872E-02    
   -4.16666667E-01       -3.33333333E-01        8.87640864E-01        2.06761457E-02    
   -3.75000000E-01       -3.33333333E-01        8.68244698E-01        1.98327045E-02    
   -3.33333333E-01       -3.33333333E-01        7.89681387E-01        1.74887965E-02    
   -2.91666667E-01       -3.33333333E-01        6.57304003E-01        1.37502760E-02    
   -2.50000000E-01       -3.33333333E-01        4.80132299E-01        8.92314219E-03    
   -2.08333333E-01       -3.33333333E-01        2.70238823E-01        4.03598666E-03    
   -1.66666667E-01       -3.33333333E-01        4.19268117E-02        3.15569186E-03    
   -1.25000000E-01       -3.33333333E-01       -1.89244407E-01        5.46526500E-03    
   -8.33333333E-02       -3.33333333E-01       -4.07520099E-01        5.94994824E-03    
   -4.16666667E-02       -3.33333333E-01       -5.98024297E-01        4.32164653E-03    
    0.00000000E+00       -3.33333333E-01       -7.47773945E-01        1.53388370E-03    
    4.16666667E-02       -3.33333333E-01       -8.46563739E-01        1.05296732E-03    
    8.33333333E-02       -3.33333333E-01       -8.87661432E-01        2.28803479E-03    
    1.25000000E-01       -3.33333333E-01       -8.68266391E-01        1.79576462E-03    
    1.66666667E-01       -3.33333333E-01       -7.89700320E-01        2.98736823E-04    
    2.08333333E-01       -3.33333333E-01       -6.57317185E-01        2.05915215E-03    
    2.50000000E-01       -3.33333333E-01       -4.80138502E-01        3.23067635E-03    
    2.91666667E-01       -3.33333333E-01       -2.70238751E-01        2.90292413E-03    
    3.33333333E-01       -3.33333333E-01       -4.19226966E-02        1.89248804E-03    
    3.75000000E-01       -3.33333333E-01        1.89249472E-01        4.44915663E-03    
    4.16666667E-01       -3.33333333E-01        4.07522830E-01        8.95923780E-03    
    4.58333333E-01       -3.33333333E-01        5.98021880E-01        1.36042315E-02    
    5.00000000E-01       -3.33333333E-01        7.47764724E-01        1.74557252E-02    
   -5.00000000E-01       -2.91666667E-01        6.22410958E-01        1.93640499E-02    
   -4.58333333E-01       -2.91666667E-01        7.04634364E-01        2.04419963E-02    
   -4.16666667E-01       -2.91666667E-01        7.38839232E-01        1.95459225E-02    
   -3.75000000E-01       -2.91666667E-01        7.22695572E-01        1.71054480E-02    
   -3.33333333E-01       -2.91666667E-01        6.57303488E-01        1.37515447E-02    
   -2.91666667E-01       -2.91666667E-01        5.47118221E-01        9.94640348E-03    
   -2.50000000E-01       -2.91666667E-01        3.99647134E-01        5.97868035E-03    
   -2.08333333E-01       -2.91666667E-01        2.24938920E-01        2.70091436E-03    
   -1.66666667E-01       -2.91666667E-01        3.48993458E-02        3.01156087E-03    
   -1.25000000E-01       -2.91666667E-01       -1.57520125E-01        4.33599174E-03    
   -8.33333333E-02       -2.91666667E-01       -3.39205443E-01        3.95879470E-03    
   -4.16666667E-02       -2.91666667E-01       -4.97774258E-01        1.94290411E-03    
    0.00000000E+00       -2.91666667E-01       -6.22420091E-01        1.48735969E-03    
    4.16666667E-02       -2.91666667E-01       -7.04648715E-01        3.76502606E-03    
    8.33333333E-02       -2.91666667E-01       -7.38856717E-01        4.72820266E-03    
    1.25000000E-01       -2.91666667E-01       -7.22713049E-01        3.97828254E-03    
    1.66666667E-01       -2.91666667E-01       -6.57317753E-01        2.07298125E-03    
    2.08333333E-01       -2.91666667E-01       -5.47127085E-01        3.97616261E-04    
    2.50000000E-01       -2.91666667E-01       -3.99650076E-01        1.09059824E-03    
    2.91666667E-01       -2.91666667E-01       -2.24937071E-01        1.17586892E-03    
    3.33333333E-01       -2.91666667E-01       -3.48949637E-02        3.30442057E-03    
    3.75000000E-01       -2.91666667E-01        1.57524324E-01        7.36259073E-03    
    4.16666667E-01       -2.91666667E-01        3.39206855E-01        1.20723613E-02    
    4.58333333E-01       -2.91666667E-01        4.97770871E-01        1.63796446E-02    
    5.00000000E-01       -2.91666667E-01        6.22410958E-01        1.93640499E-02    
   -5.00000000E-01       -2.50000000E-01        4.54641492E-01        1.93992572E-02    
   -4.58333333E-01       -2.50000000E-01        5.14701670E-01        1.93341395E-02    
   -4.16666667E-01       -2.50000000E-01        5.39687073E-01        1.69897564E-02    
   -3.75000000E-01       -2.50000000E-01        5.27895763E-01        1.30913934E-02    
   -3.33333333E-01       -2.50000000E-01        4.80130980E-01        8.92140855E-03    
   -2.91666667E-01       -2.50000000E-01        3.99646546E-01        5.98254564E-03    
   -2.50000000E-01       -2.50000000E-01        2.91925817E-01        5.15158746E-03    
   -2.08333333E-01       -2.50000000E-01        1.64308830E-01        5.46582856E-03    
   -1.66666667E-01       -2.50000000E-01        2.54925353E-02        5.62111961E-03    
   -1.25000000E-01       -2.50000000E-01       -1.15062062E-01        4.94500429E-03    
   -8.33333333E-02       -2.50000000E-01       -2.47775280E-01        3.24517453E-03    
   -4.16666667E-02       -2.50000000E-01       -3.63602246E-01        2.00887349E-03    
    0.00000000E+00       -2.50000000E-01       -4.54649561E-01        4.04949766E-03    
    4.16666667E-02       -2.50000000E-01       -5.14713030E-01        6.11236276E-03    
    8.33333333E-02       -2.50000000E-01       -5.39700008E-01        6.63186404E-03    
    1.25000000E-01       -2.50000000E-01       -5.27907914E-01        5.43510133E-03    
    1.66666667E-01       -2.50000000E-01       -4.80140134E-01        3.20051566E-03    
    2.08333333E-01       -2.50000000E-01       -3.99651449E-01        1.08235721E-03    
    2.50000000E-01       -2.50000000E-01       -2.91926575E-01        1.00009587E-04    
    2.91666667E-01       -2.50000000E-01       -1.64306723E-01        1.28706890E-03    
    3.33333333E-01       -2.50000000E-01       -2.54894553E-02        4.27916033E-03    
    3.75000000E-01       -2.50000000E-01        1.15064182E-01        8.57789822E-03    
    4.16666667E-01       -2.50000000E-01        2.47774829E-01        1.32351474E-02    
    4.58333333E-01       -2.50000000E-01        3.63598146E-01        1.71667478E-02    
    5.00000000E-01       -2.50000000E-01        4.54641492E-01        1.93992572E-02    
   -5.00000000E-01       -2.08333333E-01        2.55889321E-01        1.79528475E-02    
   -4.58333333E-01       -2.08333333E-01        2.89692942E-01        1.73733827E-02    
   -4.16666667E-01       -2.08333333E-01        3.03755796E-01        1.42668490E-02    
   -3.75000000E-01       -2.08333333E-01        2.97120102E-01        9.33816906E-03    
   -3.33333333E-01       -2.08333333E-01        2.70237579E-01        4.02792720E-03    
   -2.91666667E-01       -2.08333333E-01        2.24938895E-01        2.70168851E-03    
   -2.50000000E-01       -2.08333333E-01        1.64309668E-01        5.45515691E-03    
   -2.08333333E-01       -2.08333333E-01        9.24809976E-02        6.75885893E-03    
   -1.66666667E-01       -2.08333333E-01        1.43482823E-02        6.35049505E-03    
   -1.25000000E-01       -2.08333333E-01       -6.47627027E-02        4.63352001E-03    
   -8.33333333E-02       -2.08333333E-01       -1.39459490E-01        2.55326798E-03    
   -4.16666667E-02       -2.08333333E-01       -2.04651084E-01        3.27582822E-03    
    0.00000000E+00       -2.08333333E-01       -2.55895107E-01        5.80493225E-03    
    4.16666667E-02       -2.08333333E-01       -2.89700223E-01        7.39708108E-03    
    8.33333333E-02       -2.08333333E-01       -3.03763473E-01        7.22485166E-03    
    1.25000000E-01       -2.08333333E-01       -2.97126750E-01        5.37065947E-03    
    1.66666667E-01       -2.08333333E-01       -2.70241984E-01        2.69917937E-03    
    2.08333333E-01       -2.08333333E-01       -2.24940600E-01        9.12300946E-04    
    2.50000000E-01       -2.08333333E-01       -1.64309160E-01        1.23804232E-03    
    2.91666667E-01       -2.08333333E-01       -9.24794210E-02        1.05500110E-03    
    3.33333333E-01       -2.08333333E-01       -1.43469115E-02        3.49802633E-03    
    3.75000000E-01       -2.08333333E-01        6.47628685E-02        7.72648942E-03    
    4.16666667E-01       -2.08333333E-01        1.39457839E-01        1.22935638E-02    
    4.58333333E-01       -2.08333333E-01        2.04647334E-01        1.60417614E-02    
    5.00000000E-01       -2.08333333E-01        2.55889321E-01        1.79528475E-02    
   -5.00000000E-01       -1.66666667E-01        3.96985183E-02        1.56098502E-02    
   -4.58333333E-01       -1.66666667E-01        4.49414974E-02        1.53955790E-02    
   -4.16666667E-01       -1.66666667E-01        4.71230664E-02        1.26793780E-02    
   -3.75000000E-01       -1.66666667E-01        4.60950289E-02        8.10004552E-03    
   -3.33333333E-01       -1.66666667E-01        4.19268750E-02        3.15772036E-03    
   -2.91666667E-01       -1.66666667E-01        3.49013385E-02        2.99968700E-03    
   -2.50000000E-01       -1.66666667E-01        2.54959122E-02        5.58810661E-03    
   -2.08333333E-01       -1.66666667E-01        1.43510906E-02        6.32010394E-03    
   -1.66666667E-01       -1.66666667E-01        2.22699369E-03        5.16779179E-03    
   -1.25000000E-01       -1.66666667E-01       -1.00488423E-02        2.81799601E-03    
   -8.33333333E-02       -1.66666667E-01       -2.16386684E-02        1.81664453E-03    
   -4.16666667E-02       -1.66666667E-01       -3.17522933E-02        4.40814369E-03    
    0.00000000E+00       -1.66666667E-01       -3.97010751E-02        6.64135120E-03    
    4.16666667E-02       -1.66666667E-01       -4.49444221E-02        7.36674209E-03    
    8.33333333E-02       -1.66666667E-01       -4.71259494E-02        6.21522318E-03    
    1.25000000E-01       -1.66666667E-01       -4.60972514E-02        3.53897342E-03    
    1.66666667E-01       -1.66666667E-01       -4.19279311E-02        1.12264131E-03    
    2.08333333E-01       -1.66666667E-01       -3.49011907E-02        3.07211299E-03    
    2.50000000E-01       -1.66666667E-01       -2.54950659E-02        4.21890628E-03    
    2.91666667E-01       -1.66666667E-01       -1.43503026E-02        3.49599584E-03    
    3.33333333E-01       -1.66666667E-01       -2.22684926E-03        2.41815129E-03    
    3.75000000E-01       -1.66666667E-01        1.00481507E-02        5.26368718E-03    
    4.16666667E-01       -1.66666667E-01        2.16372366E-02        9.62255629E-03    
    4.58333333E-01       -1.66666667E-01        3.17502594E-02        1.34449538E-02    
    5.00000000E-01       -1.66666667E-01        3.96985183E-02        1.56098502E-02    
   -5.00000000E-01       -1.25000000E-01       -1.79198507E-01        1.26295930E-02    
   -4.58333333E-01       -1.25000000E-01       -2.02873936E-01        1.34280997E-02    
   -4.16666667E-01       -1.25000000E-01       -2.12722666E-01        1.19641195E-02    
   -3.75000000E-01       -1.25000000E-01       -2.08073043E-01        8.80362697E-03    
   -3.33333333E-01       -1.25000000E-01       -1.89242469E-01        5.48092995E-03    
   -2.91666667E-01       -1.25000000E-01       -1.57515468E-01        4.33897806E-03    
   -2.50000000E-01       -1.25000000E-01       -1.15055366E-01        4.91078159E-03    
   -2.08333333E-01       -1.25000000E-01       -6.47561086E-02        4.58232755E-03    
   -1.66666667E-01       -1.25000000E-01       -1.00448134E-02        2.78084709E-03    
   -1.25000000E-01       -1.25000000E-01        4.53513335E-02        1.00010155E-04    
   -8.33333333E-02       -1.25000000E-01        9.76582551E-02        2.98356230E-03    
   -4.16666667E-02       -1.25000000E-01        1.43311526E-01        5.40426638E-03    
    0.00000000E+00       -1.25000000E-01        1.79199195E-01        6.58809786E-03    
    4.16666667E-02       -1.25000000E-01        2.02874358E-01        6.04662621E-03    
    8.33333333E-02       -1.25000000E-01        2.12722639E-01        3.70726648E-03    
    1.25000000E-01       -1.25000000E-01        2.08072722E-01        7.37249062E-04    
    1.66666667E-01       -1.25000000E-01        1.89242154E-01        4.13570219E-03    
    2.08333333E-01       -1.25000000E-01        1.57515302E-01        7.22974116E-03    
    2.50000000E-01       -1.25000000E-01        1.15055230E-01        8.53896359E-03    
    2.91666667E-01       -1.25000000E-01        6.47558125E-02        7.73839206E-03    
    3.33333333E-01       -1.25000000E-01        1.00443654E-02        5.29324379E-03    
    3.75000000E-01       -1.25000000E-01       -4.53516639E-02        3.41190347E-03    
    4.16666667E-01       -1.25000000E-01       -9.76581658E-02        5.98628774E-03    
    4.58333333E-01       -1.25000000E-01       -1.43310983E-01        9.83363140E-03    
    5.00000000E-01       -1.25000000E-01       -1.79198507E-01        1.26295930E-02    
   -5.00000000E-01       -8.33333333E-02       -3.85884611E-01        8.91781291E-03    
   -4.58333333E-01       -8.33333333E-02       -4.36865491E-01        1.08048000E-02    
   -4.16666667E-01       -8.33333333E-02       -4.58073685E-01        1.06394371E-02    
   -3.75000000E-01       -8.33333333E-02       -4.48063295E-01        8.67543290E-03    
   -3.33333333E-01       -8.33333333E-02       -4.07516925E-01        5.96693437E-03    
   -2.91666667E-01       -8.33333333E-02       -3.39198886E-01        3.98912321E-03    
   -2.50000000E-01       -8.33333333E-02       -2.47766067E-01        3.26113260E-03    
   -2.08333333E-01       -8.33333333E-02       -1.39449835E-01        2.56183950E-03    
   -1.66666667E-01       -8.33333333E-02       -2.16311546E-02        1.86499781E-03    
   -1.25000000E-01       -8.33333333E-02        9.76619824E-02        3.02220914E-03    
   -8.33333333E-02       -8.33333333E-02        2.10300868E-01        4.83205584E-03    
   -4.16666667E-02       -8.33333333E-02        3.08609427E-01        5.88621843E-03    
    0.00000000E+00       -8.33333333E-02        3.85887286E-01        5.54888985E-03    
    4.16666667E-02       -8.33333333E-02        4.36866903E-01        3.54378984E-03    
    8.33333333E-02       -8.33333333E-02        4.58073265E-01        2.26716086E-04    
    1.25000000E-01       -8.33333333E-02        4.48061184E-01        4.48949685E-03    
    1.66666667E-01       -8.33333333E-02        4.07513781E-01        8.85247548E-03    
    2.08333333E-01       -8.33333333E-02        3.39195489E-01        1.20203962E-02    
    2.50000000E-01       -8.33333333E-02        2.47763044E-01        1.32381964E-02    
    2.91666667E-01       -8.33333333E-02        1.39447649E-01        1.23336800E-02    
    3.33333333E-01       -8.33333333E-02        2.16301994E-02        9.67307342E-03    
    3.75000000E-01       -8.33333333E-02       -9.76614220E-02        6.02258258E-03    
    4.16666667E-01       -8.33333333E-02       -2.10298849E-01        3.42377535E-03    
    4.58333333E-01       -8.33333333E-02       -3.08606554E-01        5.62851705E-03    
    5.00000000E-01       -8.33333333E-02       -3.85884611E-01        8.91781291E-03    
   -5.00000000E-01       -4.16666667E-02       -5.66274150E-01        4.58600455E-03    
   -4.58333333E-01       -4.16666667E-02       -6.41086712E-01        7.21317293E-03    
   -4.16666667E-01       -4.16666667E-02       -6.72209459E-01        7.98411298E-03    
   -3.75000000E-01       -4.16666667E-02       -6.57520627E-01        6.77842294E-03    
   -3.33333333E-01       -4.16666667E-02       -5.98021447E-01        4.32467289E-03    
   -2.91666667E-01       -4.16666667E-02       -4.97767701E-01        2.02063654E-03    
   -2.50000000E-01       -4.16666667E-02       -3.63592630E-01        2.13838448E-03    
   -2.08333333E-01       -4.16666667E-02       -2.04640540E-01        3.38127701E-03    
   -1.66666667E-01       -4.16666667E-02       -3.17433688E-02        4.49450693E-03    
   -1.25000000E-01       -4.16666667E-02        1.43317128E-01        5.46090592E-03    
   -8.33333333E-02       -4.16666667E-02        3.08611591E-01        5.90897240E-03    
   -4.16666667E-02       -4.16666667E-02        4.52875475E-01        5.31978044E-03    
    0.00000000E+00       -4.16666667E-02        5.66276691E-01        3.36342855E-03    
    4.16666667E-02       -4.16666667E-02        6.41086126E-01        1.08173637E-04    
    8.33333333E-02       -4.16666667E-02        6.72205026E-01        4.45214850E-03    
    1.25000000E-01       -4.16666667E-02        6.57512881E-01        9.30007467E-03    
    1.66666667E-01       -4.16666667E-02        5.98011872E-01        1.35843156E-02    
    2.08333333E-01       -4.16666667E-02        4.97758116E-01        1.63925356E-02    
    2.50000000E-01       -4.16666667E-02        3.63584636E-01        1.72203935E-02    
    2.91666667E-01       -4.16666667E-02        2.04635246E-01        1.61212893E-02    
    3.33333333E-01       -4.16666667E-02        3.17413196E-02        1.35211563E-02    
    3.75000000E-01       -4.16666667E-02       -1.43316039E-01        9.88117757E-03    
    4.16666667E-01       -4.16666667E-02       -3.08608247E-01        5.64211405E-03    
    4.58333333E-01       -4.16666667E-02       -4.52871519E-01        2.38078026E-03    
    5.00000000E-01       -4.16666667E-02       -5.66274150E-01        4.58600455E-03    
   -5.00000000E-01        0.00000000E+00       -7.08072837E-01        8.52163955E-04    
   -4.58333333E-01        0.00000000E+00       -8.01619210E-01        3.22910159E-03    
   -4.16666667E-01        0.00000000E+00       -8.40536004E-01        4.55182728E-03    
   -3.75000000E-01        0.00000000E+00       -8.22170057E-01        3.79694672E-03    
   -3.33333333E-01        0.00000000E+00       -7.47772942E-01        1.51022484E-03    
   -2.91666667E-01        0.00000000E+00       -6.22415556E-01        1.57203607E-03    
   -2.50000000E-01        0.00000000E+00       -4.54641924E-01        4.13231691E-03    
   -2.08333333E-01        0.00000000E+00       -2.55886230E-01        5.88758991E-03    
   -1.66666667E-01        0.00000000E+00       -3.96932777E-02        6.71362056E-03    
   -1.25000000E-01        0.00000000E+00        1.79204319E-01        6.63824212E-03    
   -8.33333333E-02        0.00000000E+00        3.85889562E-01        5.57255476E-03    
   -4.16666667E-02        0.00000000E+00        5.66277165E-01        3.36856248E-03    
    0.00000000E+00        0.00000000E+00        7.08073420E-01        9.99965131E-05    
    4.16666667E-02        0.00000000E+00        8.01614409E-01        4.33352316E-03    
    8.33333333E-02        0.00000000E+00        8.40525134E-01        9.18040455E-03    
    1.25000000E-01        0.00000000E+00        8.22154280E-01        1.38397543E-02    
    1.66666667E-01        0.00000000E+00        7.47754798E-01        1.74776499E-02    
    2.08333333E-01        0.00000000E+00        6.22398064E-01        1.94258342E-02    
    2.50000000E-01        0.00000000E+00        4.54627707E-01        1.95018754E-02    
    2.91666667E-01        0.00000000E+00        2.55876971E-01        1.80745165E-02    
    3.33333333E-01        0.00000000E+00        3.96894856E-02        1.57128743E-02    
    3.75000000E-01        0.00000000E+00       -1.79203379E-01        1.26857783E-02    
    4.16666667E-01        0.00000000E+00       -3.85885829E-01        8.92891547E-03    
    4.58333333E-01        0.00000000E+00       -5.66273481E-01        4.57587210E-03    
    5.00000000E-01        0.00000000E+00       -7.08072837E-01        8.52163955E-04    
   -5.00000000E-01        4.16666667E-02       -8.01615926E-01        3.24175391E-03    
   -4.58333333E-01        4.16666667E-02       -9.07521483E-01        3.39260472E-04    
   -4.16666667E-01        4.16666667E-02       -9.51580685E-01        1.60681578E-03    
   -3.75000000E-01        4.16666667E-02       -9.30789682E-01        1.11577759E-03    
   -3.33333333E-01        4.16666667E-02       -8.46565044E-01        1.10523770E-03    
   -2.91666667E-01        4.16666667E-02       -7.04647222E-01        3.81545439E-03    
   -2.50000000E-01        4.16666667E-02       -5.14708810E-01        6.17168814E-03    
   -2.08333333E-01        4.16666667E-02       -2.89694692E-01        7.45661942E-03    
   -1.66666667E-01        4.16666667E-02       -4.49394775E-02        7.41625767E-03    
   -1.25000000E-01        4.16666667E-02        2.02877413E-01        6.07796250E-03    
   -8.33333333E-02        4.16666667E-02        4.36867977E-01        3.55555289E-03    
   -4.16666667E-02        4.16666667E-02        6.41086128E-01        1.08173111E-04    
    0.00000000E+00        4.16666667E-02        8.01614349E-01        4.33450790E-03    
    4.16666667E-02        4.16666667E-02        9.07512471E-01        9.06355374E-03    
    8.33333333E-02        4.16666667E-02        9.51563647E-01        1.36721850E-02    
    1.25000000E-01        4.16666667E-02        9.30766400E-01        1.75177527E-02    
    1.66666667E-01        4.16666667E-02        8.46539037E-01        1.99395976E-02    
    2.08333333E-01        4.16666667E-02        7.04622581E-01        2.05343551E-02    
    2.50000000E-01        4.16666667E-02        5.14689041E-01        1.94720291E-02    
    2.91666667E-01        4.16666667E-02        2.89681932E-01        1.75257311E-02    
    3.33333333E-01        4.16666667E-02        4.49341415E-02        1.55129280E-02    
    3.75000000E-01        4.16666667E-02       -2.02876680E-01        1.34826547E-02    
    4.16666667E-01        4.16666667E-02       -4.36864092E-01        1.08129696E-02    
    4.58333333E-01        4.16666667E-02       -6.41083008E-01        7.21078222E-03    
    5.00000000E-01        4.16666667E-02       -8.01615926E-01        3.24175391E-03    
   -5.00000000E-01        8.33333333E-02       -8.40527526E-01        4.62939823E-03    
   -4.58333333E-01        8.33333333E-02       -9.51575216E-01        1.71503630E-03    
   -4.16666667E-01        8.33333333E-02       -9.97774644E-01        5.79247621E-04    
   -3.75000000E-01        8.33333333E-02       -9.75975914E-01        5.71045874E-04    
   -3.33333333E-01        8.33333333E-02       -8.87664013E-01        2.35646758E-03    
   -2.91666667E-01        8.33333333E-02       -7.38857726E-01        4.79857347E-03    
   -2.50000000E-01        8.33333333E-02       -5.39699048E-01        6.69646887E-03    
   -2.08333333E-01        8.33333333E-02       -3.03761370E-01        7.27516201E-03    
   -1.66666667E-01        8.33333333E-02       -4.71240188E-02        6.24708082E-03    
   -1.25000000E-01        8.33333333E-02        2.12723538E-01        3.72059298E-03    
   -8.33333333E-02        8.33333333E-02        4.58073260E-01        2.26716337E-04    
   -4.16666667E-02        8.33333333E-02        6.72204985E-01        4.45507077E-03    
    0.00000000E+00        8.33333333E-02        8.40525808E-01        9.17594676E-03    
    4.16666667E-02        8.33333333E-02        9.51564772E-01        1.36615103E-02    
    8.33333333E-02        8.33333333E-02        9.97754897E-01        1.74101569E-02    
    1.25000000E-01        8.33333333E-02        9.75949001E-01        1.99166953E-02    
    1.66666667E-01        8.33333333E-02        8.87634055E-01        2.07213587E-02    
    2.08333333E-01        8.33333333E-02        7.38829504E-01        1.96432353E-02    
    2.50000000E-01        8.33333333E-02        5.39676657E-01        1.71346651E-02    
    2.91666667E-01        8.33333333E-02        3.03747279E-01        1.44220980E-02    
    3.33333333E-01        8.33333333E-02        4.71186281E-02        1.27829152E-02    
    3.75000000E-01        8.33333333E-02       -2.12721938E-01        1.19989598E-02    
    4.16666667E-01        8.33333333E-02       -4.58068189E-01        1.06491974E-02    
    4.58333333E-01        8.33333333E-02       -6.72201048E-01        8.01740568E-03    
    5.00000000E-01        8.33333333E-02       -8.40527526E-01        4.62939823E-03    
   -5.00000000E-01        1.25000000E-01       -8.22155751E-01        4.11883346E-03    
   -4.58333333E-01        1.25000000E-01       -9.30777866E-01        1.64353632E-03    
   -4.16666667E-01        1.25000000E-01       -9.75969277E-01        7.99073787E-04    
   -3.75000000E-01        1.25000000E-01       -9.54648671E-01        1.00009587E-04    
   -3.33333333E-01        1.25000000E-01       -8.68268215E-01        1.88509116E-03    
   -2.91666667E-01        1.25000000E-01       -7.22714837E-01        4.08032707E-03    
   -2.50000000E-01        1.25000000E-01       -5.27908744E-01        5.51494274E-03    
   -2.08333333E-01        1.25000000E-01       -2.97126776E-01        5.41796174E-03    
   -1.66666667E-01        1.25000000E-01       -4.60971148E-02        3.55733466E-03    
   -1.25000000E-01        1.25000000E-01        2.08072701E-01        7.37246441E-04    
   -8.33333333E-02        1.25000000E-01        4.48061438E-01        4.49539828E-03    
   -4.16666667E-02        1.25000000E-01        6.57514310E-01        9.29709909E-03    
    0.00000000E+00        1.25000000E-01        8.22157431E-01        1.38169549E-02    
    4.16666667E-02        1.25000000E-01        9.30770657E-01        1.74784341E-02    
    8.33333333E-02        1.25000000E-01        9.75952413E-01        1.98825163E-02    
    1.25000000E-01        1.25000000E-01        9.54624192E-01        2.07507463E-02    
    1.66666667E-01        1.25000000E-01        8.68240267E-01        1.98628751E-02    
    2.08333333E-01        1.25000000E-01        7.22688340E-01        1.71794126E-02    
    2.50000000E-01        1.25000000E-01        5.27888008E-01        1.32068460E-02    
    2.91666667E-01        1.25000000E-01        2.97114502E-01        9.46018886E-03    
    3.33333333E-01        1.25000000E-01        4.60938943E-02        8.15745239E-03    
    3.75000000E-01        1.25000000E-01       -2.08068483E-01        8.81884581E-03    
    4.16666667E-01        1.25000000E-01       -4.48053325E-01        8.73414069E-03    
    4.58333333E-01        1.25000000E-01       -6.57507046E-01        6.94683366E-03    
    5.00000000E-01        1.25000000E-01       -8.22155751E-01        4.11883346E-03    
   -5.00000000E-01        1.66666667E-01       -7.47753656E-01        2.86397166E-03    
   -4.58333333E-01        1.66666667E-01       -8.46547567E-01        2.25761356E-03    
   -4.16666667E-01        1.66666667E-01       -8.87651173E-01        2.62580604E-03    
   -3.75000000E-01        1.66666667E-01       -8.68261710E-01        1.90531374E-03    
   -3.33333333E-01        1.66666667E-01       -7.89699537E-01        7.18506483E-04    
   -2.91666667E-01        1.66666667E-01       -6.57318523E-01        2.24204260E-03    
   -2.50000000E-01        1.66666667E-01       -4.80141014E-01        3.29189805E-03    
   -2.08333333E-01        1.66666667E-01       -2.70242457E-01        2.73411732E-03    
   -1.66666667E-01        1.66666667E-01       -4.19279617E-02        1.12263630E-03    
   -1.25000000E-01        1.66666667E-01        1.89242798E-01        4.14777951E-03    
   -8.33333333E-02        1.66666667E-01        4.07515855E-01        8.85881016E-03    
   -4.16666667E-02        1.66666667E-01        5.98016339E-01        1.35668248E-02    
    0.00000000E+00        1.66666667E-01        7.47762029E-01        1.74253513E-02    
    4.16666667E-02        1.66666667E-01        8.46548094E-01        1.98578400E-02    
    8.33333333E-02        1.66666667E-01        8.87642636E-01        2.06363802E-02    
    1.25000000E-01        1.66666667E-01        8.68245540E-01        1.98098053E-02    
    1.66666667E-01        1.66666667E-01        7.89679274E-01        1.74955554E-02    
    2.08333333E-01        1.66666667E-01        6.57298647E-01        1.37885614E-02    
    2.50000000E-01        1.66666667E-01        4.80125683E-01        8.98251599E-03    
    2.91666667E-01        1.66666667E-01        2.70234547E-01        4.08836497E-03    
    3.33333333E-01        1.66666667E-01        4.19285135E-02        3.16509238E-03    
    3.75000000E-01        1.66666667E-01       -1.89234788E-01        5.56143937E-03    
    4.16666667E-01        1.66666667E-01       -4.07503326E-01        6.23296012E-03    
    4.58333333E-01        1.66666667E-01       -5.98003596E-01        4.93118803E-03    
    5.00000000E-01        1.66666667E-01       -7.47753656E-01        2.86397166E-03    
   -5.00000000E-01        2.08333333E-01       -6.22393411E-01        3.45463445E-03    
   -4.58333333E-01        2.08333333E-01       -7.04626159E-01        4.62863711E-03    
   -4.16666667E-01        2.08333333E-01       -7.38840590E-01        5.12310423E-03    
   -3.75000000E-01        2.08333333E-01       -7.22703470E-01        4.17303842E-03    
   -3.33333333E-01        2.08333333E-01       -6.57313347E-01        2.23705318E-03    
   -2.91666667E-01        2.08333333E-01       -5.47126162E-01        8.12483630E-04    
   -2.50000000E-01        2.08333333E-01       -3.99651548E-01        1.16780125E-03    
   -2.08333333E-01        2.08333333E-01       -2.24940623E-01        9.12296149E-04    
   -1.66666667E-01        2.08333333E-01       -3.49005117E-02        3.09787331E-03    
   -1.25000000E-01        2.08333333E-01        1.57517390E-01        7.25489791E-03    
   -8.33333333E-02        2.08333333E-01        3.39200018E-01        1.20209870E-02    
   -4.16666667E-02        2.08333333E-01        4.97766085E-01        1.63522983E-02    
    0.00000000E+00        2.08333333E-01        6.22409672E-01        1.93366798E-02    
    4.16666667E-02        2.08333333E-01        7.04636589E-01        2.04045248E-02    
    8.33333333E-02        2.08333333E-01        7.38843284E-01        1.95032134E-02    
    1.25000000E-01        2.08333333E-01        7.22698816E-01        1.70715151E-02    
    1.66666667E-01        2.08333333E-01        6.57303766E-01        1.37395239E-02    
    2.08333333E-01        2.08333333E-01        5.47115240E-01        9.95904602E-03    
    2.50000000E-01        2.08333333E-01        3.99643010E-01        6.00280254E-03    
    2.91666667E-01        2.08333333E-01        2.24937490E-01        2.70913641E-03    
    3.33333333E-01        2.08333333E-01        3.49045130E-02        3.08314379E-03    
    3.75000000E-01        2.08333333E-01       -1.57506217E-01        4.61754842E-03    
    4.16666667E-01        2.08333333E-01       -3.39183492E-01        4.67136821E-03    
    4.58333333E-01        2.08333333E-01       -4.97747615E-01        3.61673349E-03    
    5.00000000E-01        2.08333333E-01       -6.22393411E-01        3.45463445E-03    
   -5.00000000E-01        2.50000000E-01       -4.54619763E-01        5.25914213E-03    
   -4.58333333E-01        2.50000000E-01       -5.14687084E-01        6.81268486E-03    
   -4.16666667E-01        2.50000000E-01       -5.39680480E-01        7.04145238E-03    
   -3.75000000E-01        2.50000000E-01       -5.27895197E-01        5.68436978E-03    
   -3.33333333E-01        2.50000000E-01       -4.80133074E-01        3.36335270E-03    
   -2.91666667E-01        2.50000000E-01       -3.99648472E-01        1.18288906E-03    
   -2.50000000E-01        2.50000000E-01       -2.91926575E-01        1.00010155E-04    
   -2.08333333E-01        2.50000000E-01       -1.64309242E-01        1.31842442E-03    
   -1.66666667E-01        2.50000000E-01       -2.54941790E-02        4.28803488E-03    
   -1.25000000E-01        2.50000000E-01        1.15058122E-01        8.56895675E-03    
   -8.33333333E-02        2.50000000E-01        2.47769135E-01        1.32180232E-02    
   -4.16666667E-02        2.50000000E-01        3.63594900E-01        1.71449695E-02    
    0.00000000E+00        2.50000000E-01        4.54642153E-01        1.93707803E-02    
    4.16666667E-02        2.50000000E-01        5.14706143E-01        1.92973549E-02    
    8.33333333E-02        2.50000000E-01        5.39693494E-01        1.69487745E-02    
    1.25000000E-01        2.50000000E-01        5.27901292E-01        1.30564759E-02    
    1.66666667E-01        2.50000000E-01        4.80133296E-01        8.90492276E-03    
    2.08333333E-01        2.50000000E-01        3.99645282E-01        5.99042353E-03    
    2.50000000E-01        2.50000000E-01        2.91923130E-01        5.16718884E-03    
    2.91666667E-01        2.50000000E-01        1.64308703E-01        5.48080008E-03    
    3.33333333E-01        2.50000000E-01        2.54990830E-02        5.69314670E-03    
    3.75000000E-01        2.50000000E-01       -1.15046475E-01        5.24531588E-03    
    4.16666667E-01        2.50000000E-01       -2.47751188E-01        4.17321244E-03    
    4.58333333E-01        2.50000000E-01       -3.63572940E-01        3.80039366E-03    
    5.00000000E-01        2.50000000E-01       -4.54619763E-01        5.25914213E-03    
   -5.00000000E-01        2.91666667E-01       -2.55866890E-01        6.54025161E-03    
   -4.58333333E-01        2.91666667E-01       -2.89675325E-01        7.90831534E-03    
   -4.16666667E-01        2.91666667E-01       -3.03744446E-01        7.59137327E-03    
   -3.75000000E-01        2.91666667E-01       -2.97114053E-01        5.66433048E-03    
   -3.33333333E-01        2.91666667E-01       -2.70234582E-01        2.98029165E-03    
   -2.91666667E-01        2.91666667E-01       -2.24937048E-01        1.17586515E-03    
   -2.50000000E-01        2.91666667E-01       -1.64308459E-01        1.36410043E-03    
   -2.08333333E-01        2.91666667E-01       -9.24811711E-02        1.34413780E-03    
   -1.66666667E-01        2.91666667E-01       -1.43508037E-02        3.61107541E-03    
   -1.25000000E-01        2.91666667E-01        6.47577360E-02        7.73615754E-03    
   -8.33333333E-02        2.91666667E-01        1.39453214E-01        1.22576342E-02    
   -4.16666667E-02        2.91666667E-01        2.04645321E-01        1.59910149E-02    
    0.00000000E+00        2.91666667E-01        2.55891351E-01        1.79011358E-02    
    4.16666667E-02        2.91666667E-01        2.89698826E-01        1.73249549E-02    
    8.33333333E-02        2.91666667E-01        3.03763516E-01        1.42246372E-02    
    1.25000000E-01        2.91666667E-01        2.97126628E-01        9.30709146E-03    
    1.66666667E-01        2.91666667E-01        2.70240402E-01        4.01343830E-03    
    2.08333333E-01        2.91666667E-01        2.24937509E-01        2.70940316E-03    
    2.50000000E-01        2.91666667E-01        1.64306170E-01        5.45976856E-03    
    2.91666667E-01        2.91666667E-01        9.24794154E-02        6.76663084E-03    
    3.33333333E-01        2.91666667E-01        1.43528772E-02        6.39202511E-03    
    3.75000000E-01        2.91666667E-01       -6.47493432E-02        4.84725827E-03    
    4.16666667E-01        2.91666667E-01       -1.39437640E-01        3.37893381E-03    
    4.58333333E-01        2.91666667E-01       -2.04623785E-01        4.31773932E-03    
    5.00000000E-01        2.91666667E-01       -2.55866890E-01        6.54025161E-03    
   -5.00000000E-01        3.33333333E-01       -3.96788981E-02        6.99163136E-03    
   -4.58333333E-01        3.33333333E-01       -4.49248526E-02        7.66496034E-03    
   -4.16666667E-01        3.33333333E-01       -4.71112701E-02        6.50271207E-03    
   -3.75000000E-01        3.33333333E-01       -4.60877900E-02        3.93740221E-03    
   -3.33333333E-01        3.33333333E-01       -4.19226657E-02        1.89248263E-03    
   -2.91666667E-01        3.33333333E-01       -3.48988133E-02        3.32287493E-03    
   -2.50000000E-01        3.33333333E-01       -2.54947944E-02        4.35583818E-03    
   -2.08333333E-01        3.33333333E-01       -1.43519832E-02        3.62948000E-03    
   -1.66666667E-01        3.33333333E-01       -2.23039872E-03        2.45869903E-03    
   -1.25000000E-01        3.33333333E-01        1.00434607E-02        5.13163965E-03    
   -8.33333333E-02        3.33333333E-01        2.16330424E-02        9.46712148E-03    
   -4.16666667E-02        3.33333333E-01        3.17486032E-02        1.33100813E-02    
    0.00000000E+00        3.33333333E-01        3.97007902E-02        1.55082946E-02    
    4.16666667E-02        3.33333333E-01        4.49474518E-02        1.53257942E-02    
    8.33333333E-02        3.33333333E-01        4.71305865E-02        1.26378589E-02    
    1.25000000E-01        3.33333333E-01        4.61009334E-02        8.08586447E-03    
    1.66666667E-01        3.33333333E-01        4.19284643E-02        3.16569007E-03    
    2.08333333E-01        3.33333333E-01        3.48979072E-02        2.98298672E-03    
    2.50000000E-01        3.33333333E-01        2.54894002E-02        5.56894536E-03    
    2.91666667E-01        3.33333333E-01        1.43454556E-02        6.31134273E-03    
    3.33333333E-01        3.33333333E-01        2.22655222E-03        5.17350552E-03    
    3.75000000E-01        3.33333333E-01       -1.00413098E-02        2.91638410E-03    
    4.16666667E-01        3.33333333E-01       -2.16231205E-02        2.28753540E-03    
    4.58333333E-01        3.33333333E-01       -3.17313748E-02        4.81569219E-03    
    5.00000000E-01        3.33333333E-01       -3.96788981E-02        6.99163136E-03    
   -5.00000000E-01        3.75000000E-01        1.79212783E-01        6.68635427E-03    
   -4.58333333E-01        3.75000000E-01        2.02886091E-01        6.16014539E-03    
   -4.16666667E-01        3.75000000E-01        2.12730703E-01        3.91928314E-03    
   -3.75000000E-01        3.75000000E-01        2.08077084E-01        1.67007491E-03    
   -3.33333333E-01        3.75000000E-01        1.89243910E-01        4.44700870E-03    
   -2.91666667E-01        3.75000000E-01        1.57515619E-01        7.39329394E-03    
   -2.50000000E-01        3.75000000E-01        1.15054583E-01        8.62909699E-03    
   -2.08333333E-01        3.75000000E-01        6.47539562E-02        7.75389441E-03    
   -1.66666667E-01        3.75000000E-01        1.00409801E-02        5.12660676E-03    
   -1.25000000E-01        3.75000000E-01       -4.53561824E-02        2.75374249E-03    
   -8.33333333E-02        3.75000000E-01       -9.76623984E-02        5.50034144E-03    
   -4.16666667E-02        3.75000000E-01       -1.43312984E-01        9.55289304E-03    
    0.00000000E+00        3.75000000E-01       -1.79196893E-01        1.24717611E-02    
    4.16666667E-02        3.75000000E-01       -2.02868925E-01        1.33493561E-02    
    8.33333333E-02        3.75000000E-01       -2.12716375E-01        1.19403441E-02    
    1.25000000E-01        3.75000000E-01       -2.08068726E-01        8.82095331E-03    
    1.66666667E-01        3.75000000E-01       -1.89242991E-01        5.50903962E-03    
    2.08333333E-01        3.75000000E-01       -1.57521769E-01        4.31140254E-03    
    2.50000000E-01        3.75000000E-01       -1.15065761E-01        4.85622232E-03    
    2.91666667E-01        3.75000000E-01       -6.47668352E-02        4.55217958E-03    
    3.33333333E-01        3.75000000E-01       -1.00516234E-02        2.78042027E-03    
    3.75000000E-01        3.75000000E-01        4.53513335E-02        1.00009587E-04    
    4.16666667E-01        3.75000000E-01        9.76654141E-02        3.01841791E-03    
    4.58333333E-01        3.75000000E-01        1.43323671E-01        5.48048039E-03    
    5.00000000E-01        3.75000000E-01        1.79212783E-01        6.68635427E-03    
   -5.00000000E-01        4.16666667E-01        3.85892507E-01        5.56555436E-03    
   -4.58333333E-01        4.16666667E-01        4.36870906E-01        3.55425007E-03    
   -4.16666667E-01        4.16666667E-01        4.58074830E-01        6.33036734E-04    
   -3.75000000E-01        4.16666667E-01        4.48060675E-01        4.62145902E-03    
   -3.33333333E-01        4.16666667E-01        4.07512427E-01        8.95985858E-03    
   -2.91666667E-01        4.16666667E-01        3.39194314E-01        1.20899822E-02    
   -2.50000000E-01        4.16666667E-01        2.47762150E-01        1.32525972E-02    
   -2.08333333E-01        4.16666667E-01        1.39446286E-01        1.22638776E-02    
   -1.66666667E-01        4.16666667E-01        2.16275288E-02        9.45065568E-03    
   -1.25000000E-01        4.16666667E-01       -9.76654281E-02        5.46583901E-03    
   -8.33333333E-02        4.16666667E-01       -2.10303028E-01        2.17081115E-03    
   -4.16666667E-02        4.16666667E-01       -3.08609027E-01        5.09416387E-03    
    0.00000000E+00        4.16666667E-01       -3.85883909E-01        8.72335566E-03    
    4.16666667E-02        4.16666667E-01       -4.36861668E-01        1.07456769E-02    
    8.33333333E-02        4.16666667E-01       -4.58068713E-01        1.06499409E-02    
    1.25000000E-01        4.16666667E-01       -4.48060382E-01        8.72772685E-03    
    1.66666667E-01        4.16666667E-01       -4.07519038E-01        6.01765824E-03    
    2.08333333E-01        4.16666667E-01       -3.39207214E-01        3.94692430E-03    
    2.50000000E-01        4.16666667E-01       -2.47779259E-01        3.12374242E-03    
    2.91666667E-01        4.16666667E-01       -1.39464461E-01        2.46553580E-03    
    3.33333333E-01        4.16666667E-01       -2.16431854E-02        1.90708909E-03    
    3.75000000E-01        4.16666667E-01        9.76554205E-02        3.07165606E-03    
    4.16666667E-01        4.16666667E-01        2.10300350E-01        4.84928495E-03    
    4.58333333E-01        4.16666667E-01        3.08613240E-01        5.90192936E-03    
    5.00000000E-01        4.16666667E-01        3.85892507E-01        5.56555436E-03    
   -5.00000000E-01        4.58333333E-01        5.66276181E-01        3.45957075E-03    
   -4.58333333E-01        4.58333333E-01        6.41084786E-01        5.55787592E-04    
   -4.16666667E-01        4.58333333E-01        6.72202266E-01        4.44911040E-03    
   -3.75000000E-01        4.58333333E-01        6.57509505E-01        9.30198042E-03    
   -3.33333333E-01        4.58333333E-01        5.98009270E-01        1.35869183E-02    
   -2.91666667E-01        4.58333333E-01        4.97757163E-01        1.63739785E-02    
   -2.50000000E-01        4.58333333E-01        3.63585026E-01        1.71574373E-02    
   -2.08333333E-01        4.58333333E-01        2.04635672E-01        1.59894381E-02    
   -1.66666667E-01        4.58333333E-01        3.17403721E-02        1.32905860E-02    
   -1.25000000E-01        4.58333333E-01       -1.43318835E-01        9.51287464E-03    
   -8.33333333E-02        4.58333333E-01       -3.08611956E-01        5.04031438E-03    
   -4.16666667E-02        4.58333333E-01       -4.52874246E-01        1.16735340E-03    
    0.00000000E+00        4.58333333E-01       -5.66274199E-01        4.36918574E-03    
    4.16666667E-02        4.58333333E-01       -6.41083797E-01        7.19501354E-03    
    8.33333333E-02        4.58333333E-01       -6.72205223E-01        8.02824437E-03    
    1.25000000E-01        4.58333333E-01       -6.57518084E-01        6.85915325E-03    
    1.66666667E-01        4.58333333E-01       -5.98023575E-01        4.40057004E-03    
    2.08333333E-01        4.58333333E-01       -4.97775921E-01        1.90221196E-03    
    2.50000000E-01        4.58333333E-01       -3.63605991E-01        1.83181200E-03    
    2.91666667E-01        4.58333333E-01       -2.04656069E-01        3.25477411E-03    
    3.33333333E-01        4.58333333E-01       -3.17574247E-02        4.50112432E-03    
    3.75000000E-01        4.58333333E-01        1.43307228E-01        5.50914165E-03    
    4.16666667E-01        4.58333333E-01        3.08606502E-01        5.95860751E-03    
    4.58333333E-01        4.58333333E-01        4.52873847E-01        5.38298101E-03    
    5.00000000E-01        4.58333333E-01        5.66276181E-01        3.45957075E-03    
   -5.00000000E-01        5.00000000E-01        7.08070864E-01        1.05762749E-03    
   -4.58333333E-01        5.00000000E-01        8.01611083E-01        4.43036168E-03    
   -4.16666667E-01        5.00000000E-01        8.40521039E-01        9.18138674E-03    
   -3.75000000E-01        5.00000000E-01        8.22150650E-01        1.38054697E-02    
   -3.33333333E-01        5.00000000E-01        7.47753180E-01        1.74214291E-02    
   -2.91666667E-01        5.00000000E-01        6.22399183E-01        1.93424220E-02    
   -2.50000000E-01        5.00000000E-01        4.54630843E-01        1.93805706E-02    
   -2.08333333E-01        5.00000000E-01        2.55880251E-01        1.79074673E-02    
   -1.66666667E-01        5.00000000E-01        3.96909386E-02        1.55011905E-02    
   -1.25000000E-01        5.00000000E-01       -1.79204641E-01        1.24436748E-02    
   -8.33333333E-02        5.00000000E-01       -3.85889028E-01        8.67858259E-03    
   -4.16666667E-02        5.00000000E-01       -5.66276584E-01        4.32312091E-03    
    0.00000000E+00        5.00000000E-01       -7.08073758E-01        3.36679755E-04    
    4.16666667E-02        5.00000000E-01       -8.01617140E-01        3.24832957E-03    
    8.33333333E-02        5.00000000E-01       -8.40532071E-01        4.59923843E-03    
    1.25000000E-01        5.00000000E-01       -8.22166915E-01        3.87906855E-03    
    1.66666667E-01        5.00000000E-01       -7.47773470E-01        1.60859299E-03    
    2.08333333E-01        5.00000000E-01       -6.22421367E-01        1.34106582E-03    
    2.50000000E-01        5.00000000E-01       -4.54652504E-01        3.95867832E-03    
    2.91666667E-01        5.00000000E-01       -2.55899175E-01        5.79514376E-03    
    3.33333333E-01        5.00000000E-01       -3.97054895E-02        6.69860717E-03    
    3.75000000E-01        5.00000000E-01        1.79195148E-01        6.66055479E-03    
    4.16666667E-01        5.00000000E-01        3.85883986E-01        5.61279708E-03    
    4.58333333E-01        5.00000000E-01        5.66274038E-01        3.48275320E-03    
    5.00000000E-01        5.00000000E-01        7.08070864E-01        1.05762749E-03    
