Model dump (x mu nu), grid of 25x25=625 pts
Model parameter values (noise variance lengthscales [periods]): (1e-12, 0.23259465, [1.0, 0.39949275], [0.23259465, 1.0])
   -5.00000000E-01       -5.00000000E-01        1.85113191E+01        1.00000000E-06    
   -4.58333333E-01       -5.00000000E-01        2.23807814E+01        1.00000000E-06    
   -4.16666667E-01       -5.00000000E-01        2.40030748E+01        1.00000000E-06    
   -3.75000000E-01       -5.00000000E-01        2.29623579E+01        1.00000000E-06    
   -3.33333333E-01       -5.00000000E-01        1.98969143E+01        1.00000000E-06    
   -2.91666667E-01       -5.00000000E-01        1.59168594E+01        1.00000000E-06    
   -2.50000000E-01       -5.00000000E-01        1.18354159E+01        1.00000000E-06    
   -2.08333333E-01       -5.00000000E-01        7.80242984E+00        1.00000000E-06    
   -1.66666667E-01       -5.00000000E-01        3.42429743E+00        1.00000000E-06    
   -1.25000000E-01       -5.00000000E-01       -1.89306234E+00        1.00000000E-06    
   -8.33333333E-02       -5.00000000E-01       -8.62386861E+00        1.00000000E-06    
   -4.16666667E-02       -5.00000000E-01       -1.68451514E+01        1.00000000E-06    
    0.00000000E+00       -5.00000000E-01       -2.59185237E+01        1.00000000E-06    
    4.16666667E-02       -5.00000000E-01       -3.42575869E+01        1.00000000E-06    
    8.33333333E-02       -5.00000000E-01       -3.95951795E+01        1.00000000E-06    
    1.25000000E-01       -5.00000000E-01       -3.99981546E+01        1.00000000E-06    
    1.66666667E-01       -5.00000000E-01       -3.51005048E+01        1.00000000E-06    
    2.08333333E-01       -5.00000000E-01       -2.64721292E+01        1.00000000E-06    
    2.50000000E-01       -5.00000000E-01       -1.66897890E+01        1.00000000E-06    
    2.91666667E-01       -5.00000000E-01       -7.91863070E+00        1.00000000E-06    
    3.33333333E-01       -5.00000000E-01       -1.07258336E+00        1.00000000E-06    
    3.75000000E-01       -5.00000000E-01        4.17251285E+00        1.00000000E-06    
    4.16666667E-01       -5.00000000E-01        8.80473543E+00        1.00000000E-06    
    4.58333333E-01       -5.00000000E-01        1.36250818E+01        1.00000000E-06    
    5.00000000E-01       -5.00000000E-01        1.85113191E+01        1.00000000E-06    
   -5.00000000E-01       -4.58333333E-01        9.39415786E+00        1.00000000E-06    
   -4.58333333E-01       -4.58333333E-01        1.50794439E+01        1.00000000E-06    
   -4.16666667E-01       -4.58333333E-01        1.89796597E+01        1.00000000E-06    
   -3.75000000E-01       -4.58333333E-01        2.04966475E+01        1.00000000E-06    
   -3.33333333E-01       -4.58333333E-01        1.98808579E+01        1.00000000E-06    
   -2.91666667E-01       -4.58333333E-01        1.77779120E+01        1.00000000E-06    
   -2.50000000E-01       -4.58333333E-01        1.46257938E+01        1.00000000E-06    
   -2.08333333E-01       -4.58333333E-01        1.03940477E+01        1.00000000E-06    
   -1.66666667E-01       -4.58333333E-01        4.71337883E+00        1.00000000E-06    
   -1.25000000E-01       -4.58333333E-01       -2.85663667E+00        1.00000000E-06    
   -8.33333333E-02       -4.58333333E-01       -1.26229373E+01        1.00000000E-06    
   -4.16666667E-02       -4.58333333E-01       -2.45439501E+01        1.00000000E-06    
    0.00000000E+00       -4.58333333E-01       -3.78280916E+01        1.00000000E-06    
    4.16666667E-02       -4.58333333E-01       -5.05067290E+01        1.00000000E-06    
    8.33333333E-02       -4.58333333E-01       -5.96005516E+01        1.00000000E-06    
    1.25000000E-01       -4.58333333E-01       -6.23369135E+01        1.00000000E-06    
    1.66666667E-01       -4.58333333E-01       -5.78364928E+01        1.00000000E-06    
    2.08333333E-01       -4.58333333E-01       -4.78303460E+01        1.00000000E-06    
    2.50000000E-01       -4.58333333E-01       -3.56492242E+01        1.00000000E-06    
    2.91666667E-01       -4.58333333E-01       -2.43513003E+01        1.00000000E-06    
    3.33333333E-01       -4.58333333E-01       -1.54272846E+01        1.00000000E-06    
    3.75000000E-01       -4.58333333E-01       -8.66098135E+00        1.00000000E-06    
    4.16666667E-01       -4.58333333E-01       -2.84964848E+00        1.00000000E-06    
    4.58333333E-01       -4.58333333E-01        3.11842330E+00        1.00000000E-06    
    5.00000000E-01       -4.58333333E-01        9.39415786E+00        1.00000000E-06    
   -5.00000000E-01       -4.16666667E-01        2.54325521E+00        1.00000000E-06    
   -4.58333333E-01       -4.16666667E-01        9.51342668E+00        1.00000000E-06    
   -4.16666667E-01       -4.16666667E-01        1.52795774E+01        1.00000000E-06    
   -3.75000000E-01       -4.16666667E-01        1.90977907E+01        1.00000000E-06    
   -3.33333333E-01       -4.16666667E-01        2.07902972E+01        1.00000000E-06    
   -2.91666667E-01       -4.16666667E-01        2.04697498E+01        1.00000000E-06    
   -2.50000000E-01       -4.16666667E-01        1.81646000E+01        1.00000000E-06    
   -2.08333333E-01       -4.16666667E-01        1.36921942E+01        1.00000000E-06    
   -1.66666667E-01       -4.16666667E-01        6.78474522E+00        1.00000000E-06    
   -1.25000000E-01       -4.16666667E-01       -2.75097858E+00        1.00000000E-06    
   -8.33333333E-02       -4.16666667E-01       -1.49790291E+01        1.00000000E-06    
   -4.16666667E-02       -4.16666667E-01       -2.97154778E+01        1.00000000E-06    
    0.00000000E+00       -4.16666667E-01       -4.60789962E+01        1.00000000E-06    
    4.16666667E-02       -4.16666667E-01       -6.18923367E+01        1.00000000E-06    
    8.33333333E-02       -4.16666667E-01       -7.37237629E+01        1.00000000E-06    
    1.25000000E-01       -4.16666667E-01       -7.82134365E+01        1.00000000E-06    
    1.66666667E-01       -4.16666667E-01       -7.40882493E+01        1.00000000E-06    
    2.08333333E-01       -4.16666667E-01       -6.31584466E+01        1.00000000E-06    
    2.50000000E-01       -4.16666667E-01       -4.92739984E+01        1.00000000E-06    
    2.91666667E-01       -4.16666667E-01       -3.61355071E+01        1.00000000E-06    
    3.33333333E-01       -4.16666667E-01       -2.56744053E+01        1.00000000E-06    
    3.75000000E-01       -4.16666667E-01       -1.78017606E+01        1.00000000E-06    
    4.16666667E-01       -4.16666667E-01       -1.12114576E+01        1.00000000E-06    
    4.58333333E-01       -4.16666667E-01       -4.57264145E+00        1.00000000E-06    
    5.00000000E-01       -4.16666667E-01        2.54325521E+00        1.00000000E-06    
   -5.00000000E-01       -3.75000000E-01       -3.11822486E-01        1.00000000E-06    
   -4.58333333E-01       -3.75000000E-01        7.47020477E+00        1.00000000E-06    
   -4.16666667E-01       -3.75000000E-01        1.46307165E+01        1.00000000E-06    
   -3.75000000E-01       -3.75000000E-01        2.02797935E+01        1.00000000E-06    
   -3.33333333E-01       -3.75000000E-01        2.37849536E+01        1.00000000E-06    
   -2.91666667E-01       -3.75000000E-01        2.47163387E+01        1.00000000E-06    
   -2.50000000E-01       -3.75000000E-01        2.27499695E+01        1.00000000E-06    
   -2.08333333E-01       -3.75000000E-01        1.76879228E+01        1.00000000E-06    
   -1.66666667E-01       -3.75000000E-01        9.54520540E+00        1.00000000E-06    
   -1.25000000E-01       -3.75000000E-01       -1.45794714E+00        1.00000000E-06    
   -8.33333333E-02       -3.75000000E-01       -1.50454403E+01        1.00000000E-06    
   -4.16666667E-02       -3.75000000E-01       -3.09071907E+01        1.00000000E-06    
    0.00000000E+00       -3.75000000E-01       -4.82469749E+01        1.00000000E-06    
    4.16666667E-02       -3.75000000E-01       -6.50390200E+01        1.00000000E-06    
    8.33333333E-02       -3.75000000E-01       -7.78873318E+01        1.00000000E-06    
    1.25000000E-01       -3.75000000E-01       -8.32804908E+01        1.00000000E-06    
    1.66666667E-01       -3.75000000E-01       -7.97121541E+01        1.00000000E-06    
    2.08333333E-01       -3.75000000E-01       -6.88632199E+01        1.00000000E-06    
    2.50000000E-01       -3.75000000E-01       -5.46497470E+01        1.00000000E-06    
    2.91666667E-01       -3.75000000E-01       -4.09676388E+01        1.00000000E-06    
    3.33333333E-01       -3.75000000E-01       -2.99446433E+01        1.00000000E-06    
    3.75000000E-01       -3.75000000E-01       -2.16149747E+01        1.00000000E-06    
    4.16666667E-01       -3.75000000E-01       -1.47077661E+01        1.00000000E-06    
    4.58333333E-01       -3.75000000E-01       -7.81881290E+00        1.00000000E-06    
    5.00000000E-01       -3.75000000E-01       -3.11822486E-01        1.00000000E-06    
   -5.00000000E-01       -3.33333333E-01        6.97696180E-01        1.00000000E-06    
   -4.58333333E-01       -3.33333333E-01        8.92687125E+00        1.00000000E-06    
   -4.16666667E-01       -3.33333333E-01        1.70395790E+01        1.00000000E-06    
   -3.75000000E-01       -3.33333333E-01        2.39557157E+01        1.00000000E-06    
   -3.33333333E-01       -3.33333333E-01        2.85636810E+01        1.00000000E-06    
   -2.91666667E-01       -3.33333333E-01        2.99263804E+01        1.00000000E-06    
   -2.50000000E-01       -3.33333333E-01        2.75013293E+01        1.00000000E-06    
   -2.08333333E-01       -3.33333333E-01        2.13050765E+01        1.00000000E-06    
   -1.66666667E-01       -3.33333333E-01        1.19000086E+01        1.00000000E-06    
   -1.25000000E-01       -3.33333333E-01        1.31247918E-01        1.00000000E-06    
   -8.33333333E-02       -3.33333333E-01       -1.32960657E+01        1.00000000E-06    
   -4.16666667E-02       -3.33333333E-01       -2.80205616E+01        1.00000000E-06    
    0.00000000E+00       -3.33333333E-01       -4.36045229E+01        1.00000000E-06    
    4.16666667E-02       -3.33333333E-01       -5.86596960E+01        1.00000000E-06    
    8.33333333E-02       -3.33333333E-01       -7.04401829E+01        1.00000000E-06    
    1.25000000E-01       -3.33333333E-01       -7.57983312E+01        1.00000000E-06    
    1.66666667E-01       -3.33333333E-01       -7.31497532E+01        1.00000000E-06    
    2.08333333E-01       -3.33333333E-01       -6.37528041E+01        1.00000000E-06    
    2.50000000E-01       -3.33333333E-01       -5.10215165E+01        1.00000000E-06    
    2.91666667E-01       -3.33333333E-01       -3.85049010E+01        1.00000000E-06    
    3.33333333E-01       -3.33333333E-01       -2.82241032E+01        1.00000000E-06    
    3.75000000E-01       -3.33333333E-01       -2.02997451E+01        1.00000000E-06    
    4.16666667E-01       -3.33333333E-01       -1.36196991E+01        1.00000000E-06    
    4.58333333E-01       -3.33333333E-01       -6.86280230E+00        1.00000000E-06    
    5.00000000E-01       -3.33333333E-01        6.97696180E-01        1.00000000E-06    
   -5.00000000E-01       -2.91666667E-01        4.06894421E+00        1.00000000E-06    
   -4.58333333E-01       -2.91666667E-01        1.24354207E+01        1.00000000E-06    
   -4.16666667E-01       -2.91666667E-01        2.10676889E+01        1.00000000E-06    
   -3.75000000E-01       -2.91666667E-01        2.86396968E+01        1.00000000E-06    
   -3.33333333E-01       -2.91666667E-01        3.35570340E+01        1.00000000E-06    
   -2.91666667E-01       -2.91666667E-01        3.44484498E+01        1.00000000E-06    
   -2.50000000E-01       -2.91666667E-01        3.07223174E+01        1.00000000E-06    
   -2.08333333E-01       -2.91666667E-01        2.28606735E+01        1.00000000E-06    
   -1.66666667E-01       -2.91666667E-01        1.22392416E+01        1.00000000E-06    
   -1.25000000E-01       -2.91666667E-01        5.17605444E-01        1.00000000E-06    
   -8.33333333E-02       -2.91666667E-01       -1.11228121E+01        1.00000000E-06    
   -4.16666667E-02       -2.91666667E-01       -2.23917652E+01        1.00000000E-06    
    0.00000000E+00       -2.91666667E-01       -3.35171564E+01        1.00000000E-06    
    4.16666667E-02       -2.91666667E-01       -4.42356977E+01        1.00000000E-06    
    8.33333333E-02       -2.91666667E-01       -5.30252169E+01        1.00000000E-06    
    1.25000000E-01       -2.91666667E-01       -5.75466657E+01        1.00000000E-06    
    1.66666667E-01       -2.91666667E-01       -5.62321270E+01        1.00000000E-06    
    2.08333333E-01       -2.91666667E-01       -4.96145926E+01        1.00000000E-06    
    2.50000000E-01       -2.91666667E-01       -4.00838986E+01        1.00000000E-06    
    2.91666667E-01       -2.91666667E-01       -3.03635723E+01        1.00000000E-06    
    3.33333333E-01       -2.91666667E-01       -2.20999117E+01        1.00000000E-06    
    3.75000000E-01       -2.91666667E-01       -1.54504749E+01        1.00000000E-06    
    4.16666667E-01       -2.91666667E-01       -9.54450595E+00        1.00000000E-06    
    4.58333333E-01       -2.91666667E-01       -3.26948069E+00        1.00000000E-06    
    5.00000000E-01       -2.91666667E-01        4.06894421E+00        1.00000000E-06    
   -5.00000000E-01       -2.50000000E-01        7.78790114E+00        1.00000000E-06    
   -4.58333333E-01       -2.50000000E-01        1.59119524E+01        1.00000000E-06    
   -4.16666667E-01       -2.50000000E-01        2.45435176E+01        1.00000000E-06    
   -3.75000000E-01       -2.50000000E-01        3.21056306E+01        1.00000000E-06    
   -3.33333333E-01       -2.50000000E-01        3.65842254E+01        1.00000000E-06    
   -2.91666667E-01       -2.50000000E-01        3.62887932E+01        1.00000000E-06    
   -2.50000000E-01       -2.50000000E-01        3.07259168E+01        1.00000000E-06    
   -2.08333333E-01       -2.50000000E-01        2.10036734E+01        1.00000000E-06    
   -1.66666667E-01       -2.50000000E-01        9.45152432E+00        1.00000000E-06    
   -1.25000000E-01       -2.50000000E-01       -1.38000337E+00        1.00000000E-06    
   -8.33333333E-02       -2.50000000E-01       -9.84951058E+00        1.00000000E-06    
   -4.16666667E-02       -2.50000000E-01       -1.58561977E+01        1.00000000E-06    
    0.00000000E+00       -2.50000000E-01       -2.05253174E+01        1.00000000E-06    
    4.16666667E-02       -2.50000000E-01       -2.50641996E+01        1.00000000E-06    
    8.33333333E-02       -2.50000000E-01       -2.95612027E+01        1.00000000E-06    
    1.25000000E-01       -2.50000000E-01       -3.27558915E+01        1.00000000E-06    
    1.66666667E-01       -2.50000000E-01       -3.31119122E+01        1.00000000E-06    
    2.08333333E-01       -2.50000000E-01       -3.01997779E+01        1.00000000E-06    
    2.50000000E-01       -2.50000000E-01       -2.50369624E+01        1.00000000E-06    
    2.91666667E-01       -2.50000000E-01       -1.92263723E+01        1.00000000E-06    
    3.33333333E-01       -2.50000000E-01       -1.38807438E+01        1.00000000E-06    
    3.75000000E-01       -2.50000000E-01       -9.16211459E+00        1.00000000E-06    
    4.16666667E-01       -2.50000000E-01       -4.48416034E+00        1.00000000E-06    
    4.58333333E-01       -2.50000000E-01        9.77783145E-01        1.00000000E-06    
    5.00000000E-01       -2.50000000E-01        7.78790114E+00        1.00000000E-06    
   -5.00000000E-01       -2.08333333E-01        1.00731871E+01        1.00000000E-06    
   -4.58333333E-01       -2.08333333E-01        1.74134934E+01        1.00000000E-06    
   -4.16666667E-01       -2.08333333E-01        2.53779541E+01        1.00000000E-06    
   -3.75000000E-01       -2.08333333E-01        3.22378255E+01        1.00000000E-06    
   -3.33333333E-01       -2.08333333E-01        3.57273181E+01        1.00000000E-06    
   -2.91666667E-01       -2.08333333E-01        3.39943057E+01        1.00000000E-06    
   -2.50000000E-01       -2.08333333E-01        2.67166339E+01        1.00000000E-06    
   -2.08333333E-01       -2.08333333E-01        1.55974740E+01        1.00000000E-06    
   -1.66666667E-01       -2.08333333E-01        3.81815650E+00        1.00000000E-06    
   -1.25000000E-01       -2.08333333E-01       -5.29903141E+00        1.00000000E-06    
   -8.33333333E-02       -2.08333333E-01       -9.74119264E+00        1.00000000E-06    
   -4.16666667E-02       -2.08333333E-01       -9.63868706E+00        1.00000000E-06    
    0.00000000E+00       -2.08333333E-01       -7.04566476E+00        1.00000000E-06    
    4.16666667E-02       -2.08333333E-01       -4.71692957E+00        1.00000000E-06    
    8.33333333E-02       -2.08333333E-01       -4.47005082E+00        1.00000000E-06    
    1.25000000E-01       -2.08333333E-01       -6.20599932E+00        1.00000000E-06    
    1.66666667E-01       -2.08333333E-01       -8.40023489E+00        1.00000000E-06    
    2.08333333E-01       -2.08333333E-01       -9.55521608E+00        1.00000000E-06    
    2.50000000E-01       -2.08333333E-01       -9.19580507E+00        1.00000000E-06    
    2.91666667E-01       -2.08333333E-01       -7.72316192E+00        1.00000000E-06    
    3.33333333E-01       -2.08333333E-01       -5.68303380E+00        1.00000000E-06    
    3.75000000E-01       -2.08333333E-01       -3.24014337E+00        1.00000000E-06    
    4.16666667E-01       -2.08333333E-01       -1.10594122E-01        1.00000000E-06    
    4.58333333E-01       -2.08333333E-01        4.20274382E+00        1.00000000E-06    
    5.00000000E-01       -2.08333333E-01        1.00731871E+01        1.00000000E-06    
   -5.00000000E-01       -1.66666667E-01        9.81110026E+00        1.00000000E-06    
   -4.58333333E-01       -1.66666667E-01        1.57088541E+01        1.00000000E-06    
   -4.16666667E-01       -1.66666667E-01        2.22749956E+01        1.00000000E-06    
   -3.75000000E-01       -1.66666667E-01        2.78375186E+01        1.00000000E-06    
   -3.33333333E-01       -1.66666667E-01        3.01416601E+01        1.00000000E-06    
   -2.91666667E-01       -1.66666667E-01        2.73534799E+01        1.00000000E-06    
   -2.50000000E-01       -1.66666667E-01        1.92948942E+01        1.00000000E-06    
   -2.08333333E-01       -1.66666667E-01        8.00956940E+00        1.00000000E-06    
   -1.66666667E-01       -1.66666667E-01       -2.85252891E+00        1.00000000E-06    
   -1.25000000E-01       -1.66666667E-01       -9.54607205E+00        1.00000000E-06    
   -8.33333333E-02       -1.66666667E-01       -9.85055603E+00        1.00000000E-06    
   -4.16666667E-02       -1.66666667E-01       -4.04490396E+00        1.00000000E-06    
    0.00000000E+00       -1.66666667E-01        5.14748436E+00        1.00000000E-06    
    4.16666667E-02       -1.66666667E-01        1.37077080E+01        1.00000000E-06    
    8.33333333E-02       -1.66666667E-01        1.82746918E+01        1.00000000E-06    
    1.25000000E-01       -1.66666667E-01        1.78485692E+01        1.00000000E-06    
    1.66666667E-01       -1.66666667E-01        1.39121516E+01        1.00000000E-06    
    2.08333333E-01       -1.66666667E-01        8.94162940E+00        1.00000000E-06    
    2.50000000E-01       -1.66666667E-01        4.78871922E+00        1.00000000E-06    
    2.91666667E-01       -1.66666667E-01        2.15168932E+00        1.00000000E-06    
    3.33333333E-01       -1.66666667E-01        9.92158017E-01        1.00000000E-06    
    3.75000000E-01       -1.66666667E-01        1.12517366E+00        1.00000000E-06    
    4.16666667E-01       -1.66666667E-01        2.53224018E+00        1.00000000E-06    
    4.58333333E-01       -1.66666667E-01        5.37379479E+00        1.00000000E-06    
    5.00000000E-01       -1.66666667E-01        9.81110026E+00        1.00000000E-06    
   -5.00000000E-01       -1.25000000E-01        6.65551983E+00        1.00000000E-06    
   -4.58333333E-01       -1.25000000E-01        1.05020357E+01        1.00000000E-06    
   -4.16666667E-01       -1.25000000E-01        1.50655117E+01        1.00000000E-06    
   -3.75000000E-01       -1.25000000E-01        1.90003986E+01        1.00000000E-06    
   -3.33333333E-01       -1.25000000E-01        2.03576839E+01        1.00000000E-06    
   -2.91666667E-01       -1.25000000E-01        1.74810620E+01        1.00000000E-06    
   -2.50000000E-01       -1.25000000E-01        1.02193995E+01        1.00000000E-06    
   -2.08333333E-01       -1.25000000E-01        5.40439433E-01        1.00000000E-06    
   -1.66666667E-01       -1.25000000E-01       -8.02660680E+00        1.00000000E-06    
   -1.25000000E-01       -1.25000000E-01       -1.18467713E+01        1.00000000E-06    
   -8.33333333E-02       -1.25000000E-01       -8.73148115E+00        1.00000000E-06    
   -4.16666667E-02       -1.25000000E-01        1.07586690E+00        1.00000000E-06    
    0.00000000E+00       -1.25000000E-01        1.47239714E+01        1.00000000E-06    
    4.16666667E-02       -1.25000000E-01        2.75881064E+01        1.00000000E-06    
    8.33333333E-02       -1.25000000E-01        3.52635220E+01        1.00000000E-06    
    1.25000000E-01       -1.25000000E-01        3.58303713E+01        1.00000000E-06    
    1.66666667E-01       -1.25000000E-01        3.05920515E+01        1.00000000E-06    
    2.08333333E-01       -1.25000000E-01        2.26782578E+01        1.00000000E-06    
    2.50000000E-01       -1.25000000E-01        1.49723346E+01        1.00000000E-06    
    2.91666667E-01       -1.25000000E-01        9.02845470E+00        1.00000000E-06    
    3.33333333E-01       -1.25000000E-01        5.20598615E+00        1.00000000E-06    
    3.75000000E-01       -1.25000000E-01        3.28598050E+00        1.00000000E-06    
    4.16666667E-01       -1.25000000E-01        2.97063254E+00        1.00000000E-06    
    4.58333333E-01       -1.25000000E-01        4.10432333E+00        1.00000000E-06    
    5.00000000E-01       -1.25000000E-01        6.65551983E+00        1.00000000E-06    
   -5.00000000E-01       -8.33333333E-02        8.50693711E-01        1.00000000E-06    
   -4.58333333E-01       -8.33333333E-02        2.24562929E+00        1.00000000E-06    
   -4.16666667E-01       -8.33333333E-02        4.48012644E+00        1.00000000E-06    
   -3.75000000E-01       -8.33333333E-02        6.79553612E+00        1.00000000E-06    
   -3.33333333E-01       -8.33333333E-02        7.79742189E+00        1.00000000E-06    
   -2.91666667E-01       -8.33333333E-02        6.10669949E+00        1.00000000E-06    
   -2.50000000E-01       -8.33333333E-02        1.43529416E+00        1.00000000E-06    
   -2.08333333E-01       -8.33333333E-02       -4.77260171E+00        1.00000000E-06    
   -1.66666667E-01       -8.33333333E-02       -9.73602075E+00        1.00000000E-06    
   -1.25000000E-01       -8.33333333E-02       -1.05245909E+01        1.00000000E-06    
   -8.33333333E-02       -8.33333333E-02       -5.28318664E+00        1.00000000E-06    
   -4.16666667E-02       -8.33333333E-02        5.96289218E+00        1.00000000E-06    
    0.00000000E+00       -8.33333333E-02        2.08992929E+01        1.00000000E-06    
    4.16666667E-02       -8.33333333E-02        3.52002581E+01        1.00000000E-06    
    8.33333333E-02       -8.33333333E-02        4.41773539E+01        1.00000000E-06    
    1.25000000E-01       -8.33333333E-02        4.52926480E+01        1.00000000E-06    
    1.66666667E-01       -8.33333333E-02        3.94583023E+01        1.00000000E-06    
    2.08333333E-01       -8.33333333E-02        2.99401659E+01        1.00000000E-06    
    2.50000000E-01       -8.33333333E-02        2.01279011E+01        1.00000000E-06    
    2.91666667E-01       -8.33333333E-02        1.20918310E+01        1.00000000E-06    
    3.33333333E-01       -8.33333333E-02        6.45996019E+00        1.00000000E-06    
    3.75000000E-01       -8.33333333E-02        2.98219489E+00        1.00000000E-06    
    4.16666667E-01       -8.33333333E-02        1.12869812E+00        1.00000000E-06    
    4.58333333E-01       -8.33333333E-02        4.75174948E-01        1.00000000E-06    
    5.00000000E-01       -8.33333333E-02        8.50693711E-01        1.00000000E-06    
   -5.00000000E-01       -4.16666667E-02       -7.00957564E+00        1.00000000E-06    
   -4.58333333E-01       -4.16666667E-02       -8.21735992E+00        1.00000000E-06    
   -4.16666667E-01       -4.16666667E-02       -8.36171577E+00        1.00000000E-06    
   -3.75000000E-01       -4.16666667E-02       -7.42146098E+00        1.00000000E-06    
   -3.33333333E-01       -4.16666667E-02       -6.08288972E+00        1.00000000E-06    
   -2.91666667E-01       -4.16666667E-02       -5.41721486E+00        1.00000000E-06    
   -2.50000000E-01       -4.16666667E-02       -5.99852624E+00        1.00000000E-06    
   -2.08333333E-01       -4.16666667E-02       -7.24345270E+00        1.00000000E-06    
   -1.66666667E-01       -4.16666667E-02       -7.59348883E+00        1.00000000E-06    
   -1.25000000E-01       -4.16666667E-02       -5.31110204E+00        1.00000000E-06    
   -8.33333333E-02       -4.16666667E-02        8.10243325E-01        1.00000000E-06    
   -4.16666667E-02       -4.16666667E-02        1.10176959E+01        1.00000000E-06    
    0.00000000E+00       -4.16666667E-02        2.40553597E+01        1.00000000E-06    
    4.16666667E-02       -4.16666667E-02        3.67621269E+01        1.00000000E-06    
    8.33333333E-02       -4.16666667E-02        4.50129616E+01        1.00000000E-06    
    1.25000000E-01       -4.16666667E-02        4.60720343E+01        1.00000000E-06    
    1.66666667E-01       -4.16666667E-02        4.02973434E+01        1.00000000E-06    
    2.08333333E-01       -4.16666667E-02        3.05441965E+01        1.00000000E-06    
    2.50000000E-01       -4.16666667E-02        2.01338117E+01        1.00000000E-06    
    2.91666667E-01       -4.16666667E-02        1.12885733E+01        1.00000000E-06    
    3.33333333E-01       -4.16666667E-02        4.77802430E+00        1.00000000E-06    
    3.75000000E-01       -4.16666667E-02        3.33385494E-01        1.00000000E-06    
    4.16666667E-01       -4.16666667E-02       -2.75290104E+00        1.00000000E-06    
    4.58333333E-01       -4.16666667E-02       -5.11877522E+00        1.00000000E-06    
    5.00000000E-01       -4.16666667E-02       -7.00957564E+00        1.00000000E-06    
   -5.00000000E-01        0.00000000E+00       -1.60253570E+01        1.00000000E-06    
   -4.58333333E-01        0.00000000E+00       -1.97781954E+01        1.00000000E-06    
   -4.16666667E-01        0.00000000E+00       -2.21813502E+01        1.00000000E-06    
   -3.75000000E-01        0.00000000E+00       -2.23469274E+01        1.00000000E-06    
   -3.33333333E-01        0.00000000E+00       -2.02060538E+01        1.00000000E-06    
   -2.91666667E-01        0.00000000E+00       -1.65363552E+01        1.00000000E-06    
   -2.50000000E-01        0.00000000E+00       -1.22728141E+01        1.00000000E-06    
   -2.08333333E-01        0.00000000E+00       -7.82272070E+00        1.00000000E-06    
   -1.66666667E-01        0.00000000E+00       -3.03522146E+00        1.00000000E-06    
   -1.25000000E-01        0.00000000E+00        2.40126166E+00        1.00000000E-06    
   -8.33333333E-02        0.00000000E+00        8.80924081E+00        1.00000000E-06    
   -4.16666667E-02        0.00000000E+00        1.65857096E+01        1.00000000E-06    
    0.00000000E+00        0.00000000E+00        2.56865730E+01        1.00000000E-06    
    4.16666667E-02        0.00000000E+00        3.46153176E+01        1.00000000E-06    
    8.33333333E-02        0.00000000E+00        4.04733648E+01        1.00000000E-06    
    1.25000000E-01        0.00000000E+00        4.07820144E+01        1.00000000E-06    
    1.66666667E-01        0.00000000E+00        3.53450733E+01        1.00000000E-06    
    2.08333333E-01        0.00000000E+00        2.62398007E+01        1.00000000E-06    
    2.50000000E-01        0.00000000E+00        1.62784232E+01        1.00000000E-06    
    2.91666667E-01        0.00000000E+00        7.54828911E+00        1.00000000E-06    
    3.33333333E-01        0.00000000E+00        8.62709146E-01        1.00000000E-06    
    3.75000000E-01        0.00000000E+00       -4.05590001E+00        1.00000000E-06    
    4.16666667E-01        0.00000000E+00       -8.05594535E+00        1.00000000E-06    
    4.58333333E-01        0.00000000E+00       -1.19536517E+01        1.00000000E-06    
    5.00000000E-01        0.00000000E+00       -1.60253570E+01        1.00000000E-06    
   -5.00000000E-01        4.16666667E-02       -2.48191101E+01        1.00000000E-06    
   -4.58333333E-01        4.16666667E-02       -3.08624206E+01        1.00000000E-06    
   -4.16666667E-01        4.16666667E-02       -3.53114848E+01        1.00000000E-06    
   -3.75000000E-01        4.16666667E-02       -3.64595770E+01        1.00000000E-06    
   -3.33333333E-01        4.16666667E-02       -3.35341817E+01        1.00000000E-06    
   -2.91666667E-01        4.16666667E-02       -2.70411831E+01        1.00000000E-06    
   -2.50000000E-01        4.16666667E-02       -1.82377934E+01        1.00000000E-06    
   -2.08333333E-01        4.16666667E-02       -8.41843177E+00        1.00000000E-06    
   -1.66666667E-01        4.16666667E-02        1.29423460E+00        1.00000000E-06    
   -1.25000000E-01        4.16666667E-02        9.87431851E+00        1.00000000E-06    
   -8.33333333E-02        4.16666667E-02        1.67079159E+01        1.00000000E-06    
   -4.16666667E-02        4.16666667E-02        2.21240486E+01        1.00000000E-06    
    0.00000000E+00        4.16666667E-02        2.70481346E+01        1.00000000E-06    
    4.16666667E-02        4.16666667E-02        3.16121394E+01        1.00000000E-06    
    8.33333333E-02        4.16666667E-02        3.43879922E+01        1.00000000E-06    
    1.25000000E-01        4.16666667E-02        3.34834627E+01        1.00000000E-06    
    1.66666667E-01        4.16666667E-02        2.83037237E+01        1.00000000E-06    
    2.08333333E-01        4.16666667E-02        2.00676114E+01        1.00000000E-06    
    2.50000000E-01        4.16666667E-02        1.09004024E+01        1.00000000E-06    
    2.91666667E-01        4.16666667E-02        2.62869889E+00        1.00000000E-06    
    3.33333333E-01        4.16666667E-02       -3.92548016E+00        1.00000000E-06    
    3.75000000E-01        4.16666667E-02       -9.03601854E+00        1.00000000E-06    
    4.16666667E-01        4.16666667E-02       -1.36763375E+01        1.00000000E-06    
    4.58333333E-01        4.16666667E-02       -1.88346325E+01        1.00000000E-06    
    5.00000000E-01        4.16666667E-02       -2.48191101E+01        1.00000000E-06    
   -5.00000000E-01        8.33333333E-02       -3.14637542E+01        1.00000000E-06    
   -4.58333333E-01        8.33333333E-02       -3.93106681E+01        1.00000000E-06    
   -4.16666667E-01        8.33333333E-02       -4.54920586E+01        1.00000000E-06    
   -3.75000000E-01        8.33333333E-02       -4.76782234E+01        1.00000000E-06    
   -3.33333333E-01        8.33333333E-02       -4.45284239E+01        1.00000000E-06    
   -2.91666667E-01        8.33333333E-02       -3.62766866E+01        1.00000000E-06    
   -2.50000000E-01        8.33333333E-02       -2.43423838E+01        1.00000000E-06    
   -2.08333333E-01        8.33333333E-02       -1.06117475E+01        1.00000000E-06    
   -1.66666667E-01        8.33333333E-02        2.89493892E+00        1.00000000E-06    
   -1.25000000E-01        8.33333333E-02        1.41695053E+01        1.00000000E-06    
   -8.33333333E-02        8.33333333E-02        2.18283482E+01        1.00000000E-06    
   -4.16666667E-02        8.33333333E-02        2.59632910E+01        1.00000000E-06    
    0.00000000E+00        8.33333333E-02        2.80102488E+01        1.00000000E-06    
    4.16666667E-02        8.33333333E-02        2.92539559E+01        1.00000000E-06    
    8.33333333E-02        8.33333333E-02        2.95176693E+01        1.00000000E-06    
    1.25000000E-01        8.33333333E-02        2.75652488E+01        1.00000000E-06    
    1.66666667E-01        8.33333333E-02        2.25879943E+01        1.00000000E-06    
    2.08333333E-01        8.33333333E-02        1.50880172E+01        1.00000000E-06    
    2.50000000E-01        8.33333333E-02        6.57546572E+00        1.00000000E-06    
    2.91666667E-01        8.33333333E-02       -1.33868737E+00        1.00000000E-06    
    3.33333333E-01        8.33333333E-02       -7.78007278E+00        1.00000000E-06    
    3.75000000E-01        8.33333333E-02       -1.29817064E+01        1.00000000E-06    
    4.16666667E-01        8.33333333E-02       -1.80198651E+01        1.00000000E-06    
    4.58333333E-01        8.33333333E-02       -2.40541920E+01        1.00000000E-06    
    5.00000000E-01        8.33333333E-02       -3.14637542E+01        1.00000000E-06    
   -5.00000000E-01        1.25000000E-01       -3.38704725E+01        1.00000000E-06    
   -4.58333333E-01        1.25000000E-01       -4.28233239E+01        1.00000000E-06    
   -4.16666667E-01        1.25000000E-01       -5.03022150E+01        1.00000000E-06    
   -3.75000000E-01        1.25000000E-01       -5.36695506E+01        1.00000000E-06    
   -3.33333333E-01        1.25000000E-01       -5.12087167E+01        1.00000000E-06    
   -2.91666667E-01        1.25000000E-01       -4.28522831E+01        1.00000000E-06    
   -2.50000000E-01        1.25000000E-01       -2.99345478E+01        1.00000000E-06    
   -2.08333333E-01        1.25000000E-01       -1.45381805E+01        1.00000000E-06    
   -1.66666667E-01        1.25000000E-01        8.92695223E-01        1.00000000E-06    
   -1.25000000E-01        1.25000000E-01        1.38376002E+01        1.00000000E-06    
   -8.33333333E-02        1.25000000E-01        2.24543808E+01        1.00000000E-06    
   -4.16666667E-02        1.25000000E-01        2.65603408E+01        1.00000000E-06    
    0.00000000E+00        1.25000000E-01        2.76651894E+01        1.00000000E-06    
    4.16666667E-02        1.25000000E-01        2.75724842E+01        1.00000000E-06    
    8.33333333E-02        1.25000000E-01        2.68508659E+01        1.00000000E-06    
    1.25000000E-01        1.25000000E-01        2.47338698E+01        1.00000000E-06    
    1.66666667E-01        1.25000000E-01        2.02875272E+01        1.00000000E-06    
    2.08333333E-01        1.25000000E-01        1.34991481E+01        1.00000000E-06    
    2.50000000E-01        1.25000000E-01        5.45512957E+00        1.00000000E-06    
    2.91666667E-01        1.25000000E-01       -2.30928694E+00        1.00000000E-06    
    3.33333333E-01        1.25000000E-01       -8.77128455E+00        1.00000000E-06    
    3.75000000E-01        1.25000000E-01       -1.40498832E+01        1.00000000E-06    
    4.16666667E-01        1.25000000E-01       -1.92620053E+01        1.00000000E-06    
    4.58333333E-01        1.25000000E-01       -2.57043885E+01        1.00000000E-06    
    5.00000000E-01        1.25000000E-01       -3.38704725E+01        1.00000000E-06    
   -5.00000000E-01        1.66666667E-01       -3.06060698E+01        1.00000000E-06    
   -4.58333333E-01        1.66666667E-01       -3.99058521E+01        1.00000000E-06    
   -4.16666667E-01        1.66666667E-01       -4.81764903E+01        1.00000000E-06    
   -3.75000000E-01        1.66666667E-01       -5.28246527E+01        1.00000000E-06    
   -3.33333333E-01        1.66666667E-01       -5.19638134E+01        1.00000000E-06    
   -2.91666667E-01        1.66666667E-01       -4.51859997E+01        1.00000000E-06    
   -2.50000000E-01        1.66666667E-01       -3.34842654E+01        1.00000000E-06    
   -2.08333333E-01        1.66666667E-01       -1.87595280E+01        1.00000000E-06    
   -1.66666667E-01        1.66666667E-01       -3.45374498E+00        1.00000000E-06    
   -1.25000000E-01        1.66666667E-01        9.82255760E+00        1.00000000E-06    
   -8.33333333E-02        1.66666667E-01        1.90911686E+01        1.00000000E-06    
   -4.16666667E-02        1.66666667E-01        2.39680752E+01        1.00000000E-06    
    0.00000000E+00        1.66666667E-01        2.57686896E+01        1.00000000E-06    
    4.16666667E-02        1.66666667E-01        2.62956906E+01        1.00000000E-06    
    8.33333333E-02        1.66666667E-01        2.63387125E+01        1.00000000E-06    
    1.25000000E-01        1.66666667E-01        2.52982222E+01        1.00000000E-06    
    1.66666667E-01        1.66666667E-01        2.20863982E+01        1.00000000E-06    
    2.08333333E-01        1.66666667E-01        1.63142728E+01        1.00000000E-06    
    2.50000000E-01        1.66666667E-01        8.81141008E+00        1.00000000E-06    
    2.91666667E-01        1.66666667E-01        1.16040597E+00        1.00000000E-06    
    3.33333333E-01        1.66666667E-01       -5.38267795E+00        1.00000000E-06    
    3.75000000E-01        1.66666667E-01       -1.07361970E+01        1.00000000E-06    
    4.16666667E-01        1.66666667E-01       -1.59501978E+01        1.00000000E-06    
    4.58333333E-01        1.66666667E-01       -2.23678755E+01        1.00000000E-06    
    5.00000000E-01        1.66666667E-01       -3.06060698E+01        1.00000000E-06    
   -5.00000000E-01        2.08333333E-01       -2.16273956E+01        1.00000000E-06    
   -4.58333333E-01        2.08333333E-01       -3.06358314E+01        1.00000000E-06    
   -4.16666667E-01        2.08333333E-01       -3.92150427E+01        1.00000000E-06    
   -3.75000000E-01        2.08333333E-01       -4.51029840E+01        1.00000000E-06    
   -3.33333333E-01        2.08333333E-01       -4.64157083E+01        1.00000000E-06    
   -2.91666667E-01        2.08333333E-01       -4.23905090E+01        1.00000000E-06    
   -2.50000000E-01        2.08333333E-01       -3.35058361E+01        1.00000000E-06    
   -2.08333333E-01        2.08333333E-01       -2.12227068E+01        1.00000000E-06    
   -1.66666667E-01        2.08333333E-01       -7.69412230E+00        1.00000000E-06    
   -1.25000000E-01        2.08333333E-01        4.66357958E+00        1.00000000E-06    
   -8.33333333E-02        2.08333333E-01        1.39735871E+01        1.00000000E-06    
   -4.16666667E-02        2.08333333E-01        1.97634402E+01        1.00000000E-06    
    0.00000000E+00        2.08333333E-01        2.30680780E+01        1.00000000E-06    
    4.16666667E-02        2.08333333E-01        2.54101028E+01        1.00000000E-06    
    8.33333333E-02        2.08333333E-01        2.74520979E+01        1.00000000E-06    
    1.25000000E-01        2.08333333E-01        2.85132111E+01        1.00000000E-06    
    1.66666667E-01        2.08333333E-01        2.72838885E+01        1.00000000E-06    
    2.08333333E-01        2.08333333E-01        2.30555341E+01        1.00000000E-06    
    2.50000000E-01        2.08333333E-01        1.64708445E+01        1.00000000E-06    
    2.91666667E-01        2.08333333E-01        9.18474925E+00        1.00000000E-06    
    3.33333333E-01        2.08333333E-01        2.69385871E+00        1.00000000E-06    
    3.75000000E-01        2.08333333E-01       -2.66716023E+00        1.00000000E-06    
    4.16666667E-01        2.08333333E-01       -7.76200396E+00        1.00000000E-06    
    4.58333333E-01        2.08333333E-01       -1.38491798E+01        1.00000000E-06    
    5.00000000E-01        2.08333333E-01       -2.16273956E+01        1.00000000E-06    
   -5.00000000E-01        2.50000000E-01       -8.43728559E+00        1.00000000E-06    
   -4.58333333E-01        2.50000000E-01       -1.66867504E+01        1.00000000E-06    
   -4.16666667E-01        2.50000000E-01       -2.51511453E+01        1.00000000E-06    
   -3.75000000E-01        2.50000000E-01       -3.20560379E+01        1.00000000E-06    
   -3.33333333E-01        2.50000000E-01       -3.56276489E+01        1.00000000E-06    
   -2.91666667E-01        2.50000000E-01       -3.47785374E+01        1.00000000E-06    
   -2.50000000E-01        2.50000000E-01       -2.94319643E+01        1.00000000E-06    
   -2.08333333E-01        2.50000000E-01       -2.05149639E+01        1.00000000E-06    
   -1.66666667E-01        2.50000000E-01       -9.76210161E+00        1.00000000E-06    
   -1.25000000E-01        2.50000000E-01        7.46304820E-01        1.00000000E-06    
   -8.33333333E-02        2.50000000E-01        9.36537747E+00        1.00000000E-06    
   -4.16666667E-02        2.50000000E-01        1.56304702E+01        1.00000000E-06    
    0.00000000E+00        2.50000000E-01        2.03259379E+01        1.00000000E-06    
    4.16666667E-02        2.50000000E-01        2.46338817E+01        1.00000000E-06    
    8.33333333E-02        2.50000000E-01        2.89721500E+01        1.00000000E-06    
    1.25000000E-01        2.50000000E-01        3.24904739E+01        1.00000000E-06    
    1.66666667E-01        2.50000000E-01        3.36514496E+01        1.00000000E-06    
    2.08333333E-01        2.50000000E-01        3.14581752E+01        1.00000000E-06    
    2.50000000E-01        2.50000000E-01        2.63486916E+01        1.00000000E-06    
    2.91666667E-01        2.50000000E-01        1.99579874E+01        1.00000000E-06    
    3.33333333E-01        2.50000000E-01        1.39216874E+01        1.00000000E-06    
    3.75000000E-01        2.50000000E-01        8.80551006E+00        1.00000000E-06    
    4.16666667E-01        2.50000000E-01        4.01538571E+00        1.00000000E-06    
    4.58333333E-01        2.50000000E-01       -1.49597971E+00        1.00000000E-06    
    5.00000000E-01        2.50000000E-01       -8.43728559E+00        1.00000000E-06    
   -5.00000000E-01        2.91666667E-01        6.32395124E+00        1.00000000E-06    
   -4.58333333E-01        2.91666667E-01       -7.63113163E-01        1.00000000E-06    
   -4.16666667E-01        2.91666667E-01       -8.69654596E+00        1.00000000E-06    
   -3.75000000E-01        2.91666667E-01       -1.62160744E+01        1.00000000E-06    
   -3.33333333E-01        2.91666667E-01       -2.16965678E+01        1.00000000E-06    
   -2.91666667E-01        2.91666667E-01       -2.37890037E+01        1.00000000E-06    
   -2.50000000E-01        2.91666667E-01       -2.19341118E+01        1.00000000E-06    
   -2.08333333E-01        2.91666667E-01       -1.65676622E+01        1.00000000E-06    
   -1.66666667E-01        2.91666667E-01       -8.99898405E+00        1.00000000E-06    
   -1.25000000E-01        2.91666667E-01       -9.35319044E-01        1.00000000E-06    
   -8.33333333E-02        2.91666667E-01        6.25487342E+00        1.00000000E-06    
   -4.16666667E-02        2.91666667E-01        1.21697346E+01        1.00000000E-06    
    0.00000000E+00        2.91666667E-01        1.74135995E+01        1.00000000E-06    
    4.16666667E-02        2.91666667E-01        2.28989425E+01        1.00000000E-06    
    8.33333333E-02        2.91666667E-01        2.88655114E+01        1.00000000E-06    
    1.25000000E-01        2.91666667E-01        3.43812708E+01        1.00000000E-06    
    1.66666667E-01        2.91666667E-01        3.77906567E+01        1.00000000E-06    
    2.08333333E-01        2.91666667E-01        3.78722830E+01        1.00000000E-06    
    2.50000000E-01        2.91666667E-01        3.47988333E+01        1.00000000E-06    
    2.91666667E-01        2.91666667E-01        3.00081817E+01        1.00000000E-06    
    3.33333333E-01        2.91666667E-01        2.50847240E+01        1.00000000E-06    
    3.75000000E-01        2.91666667E-01        2.07291081E+01        1.00000000E-06    
    4.16666667E-01        2.91666667E-01        1.66385604E+01        1.00000000E-06    
    4.58333333E-01        2.91666667E-01        1.20561523E+01        1.00000000E-06    
    5.00000000E-01        2.91666667E-01        6.32395124E+00        1.00000000E-06    
   -5.00000000E-01        3.33333333E-01        1.95203128E+01        1.00000000E-06    
   -4.58333333E-01        3.33333333E-01        1.40492006E+01        1.00000000E-06    
   -4.16666667E-01        3.33333333E-01        7.12676894E+00        1.00000000E-06    
   -3.75000000E-01        3.33333333E-01       -4.47642666E-01        1.00000000E-06    
   -3.33333333E-01        3.33333333E-01       -7.19104718E+00        1.00000000E-06    
   -2.91666667E-01        3.33333333E-01       -1.15680371E+01        1.00000000E-06    
   -2.50000000E-01        3.33333333E-01       -1.26653439E+01        1.00000000E-06    
   -2.08333333E-01        3.33333333E-01       -1.05427387E+01        1.00000000E-06    
   -1.66666667E-01        3.33333333E-01       -6.14893909E+00        1.00000000E-06    
   -1.25000000E-01        3.33333333E-01       -8.47008999E-01        1.00000000E-06    
   -8.33333333E-02        3.33333333E-01        4.25637801E+00        1.00000000E-06    
   -4.16666667E-02        3.33333333E-01        8.83494324E+00        1.00000000E-06    
    0.00000000E+00        3.33333333E-01        1.33799405E+01        1.00000000E-06    
    4.16666667E-02        3.33333333E-01        1.86597024E+01        1.00000000E-06    
    8.33333333E-02        3.33333333E-01        2.49106039E+01        1.00000000E-06    
    1.25000000E-01        3.33333333E-01        3.13316640E+01        1.00000000E-06    
    1.66666667E-01        3.33333333E-01        3.63537298E+01        1.00000000E-06    
    2.08333333E-01        3.33333333E-01        3.86321127E+01        1.00000000E-06    
    2.50000000E-01        3.33333333E-01        3.80012531E+01        1.00000000E-06    
    2.91666667E-01        3.33333333E-01        3.54935804E+01        1.00000000E-06    
    3.33333333E-01        3.33333333E-01        3.24245539E+01        1.00000000E-06    
    3.75000000E-01        3.33333333E-01        2.95056358E+01        1.00000000E-06    
    4.16666667E-01        3.33333333E-01        2.67022874E+01        1.00000000E-06    
    4.58333333E-01        3.33333333E-01        2.35690863E+01        1.00000000E-06    
    5.00000000E-01        3.33333333E-01        1.95203128E+01        1.00000000E-06    
   -5.00000000E-01        3.75000000E-01        2.82408084E+01        1.00000000E-06    
   -4.58333333E-01        3.75000000E-01        2.48656911E+01        1.00000000E-06    
   -4.16666667E-01        3.75000000E-01        1.94994845E+01        1.00000000E-06    
   -3.75000000E-01        3.75000000E-01        1.25556250E+01        1.00000000E-06    
   -3.33333333E-01        3.75000000E-01        5.38363558E+00        1.00000000E-06    
   -2.91666667E-01        3.75000000E-01       -3.81407515E-01        1.00000000E-06    
   -2.50000000E-01        3.75000000E-01       -3.61577908E+00        1.00000000E-06    
   -2.08333333E-01        3.75000000E-01       -4.13806376E+00        1.00000000E-06    
   -1.66666667E-01        3.75000000E-01       -2.62993459E+00        1.00000000E-06    
   -1.25000000E-01        3.75000000E-01       -1.74152366E-01        1.00000000E-06    
   -8.33333333E-02        3.75000000E-01        2.33674300E+00        1.00000000E-06    
   -4.16666667E-02        3.75000000E-01        4.63922665E+00        1.00000000E-06    
    0.00000000E+00        3.75000000E-01        7.16788315E+00        1.00000000E-06    
    4.16666667E-02        3.75000000E-01        1.06890547E+01        1.00000000E-06    
    8.33333333E-02        3.75000000E-01        1.56546780E+01        1.00000000E-06    
    1.25000000E-01        3.75000000E-01        2.16551417E+01        1.00000000E-06    
    1.66666667E-01        3.75000000E-01        2.74326288E+01        1.00000000E-06    
    2.08333333E-01        3.75000000E-01        3.16098436E+01        1.00000000E-06    
    2.50000000E-01        3.75000000E-01        3.35971126E+01        1.00000000E-06    
    2.91666667E-01        3.75000000E-01        3.38270584E+01        1.00000000E-06    
    3.33333333E-01        3.75000000E-01        3.31676277E+01        1.00000000E-06    
    3.75000000E-01        3.75000000E-01        3.22496412E+01        1.00000000E-06    
    4.16666667E-01        3.75000000E-01        3.12816036E+01        1.00000000E-06    
    4.58333333E-01        3.75000000E-01        3.01188331E+01        1.00000000E-06    
    5.00000000E-01        3.75000000E-01        2.82408084E+01        1.00000000E-06    
   -5.00000000E-01        4.16666667E-01        3.06376189E+01        1.00000000E-06    
   -4.58333333E-01        4.16666667E-01        2.97105016E+01        1.00000000E-06    
   -4.16666667E-01        4.16666667E-01        2.64175959E+01        1.00000000E-06    
   -3.75000000E-01        4.16666667E-01        2.08492284E+01        1.00000000E-06    
   -3.33333333E-01        4.16666667E-01        1.41940943E+01        1.00000000E-06    
   -2.91666667E-01        4.16666667E-01        8.06957312E+00        1.00000000E-06    
   -2.50000000E-01        4.16666667E-01        3.65735018E+00        1.00000000E-06    
   -2.08333333E-01        4.16666667E-01        1.24732199E+00        1.00000000E-06    
   -1.66666667E-01        4.16666667E-01        3.28657994E-01        1.00000000E-06    
   -1.25000000E-01        4.16666667E-01        2.72937562E-02        1.00000000E-06    
   -8.33333333E-02        4.16666667E-01       -3.87734140E-01        1.00000000E-06    
   -4.16666667E-02        4.16666667E-01       -1.13042532E+00        1.00000000E-06    
    0.00000000E+00        4.16666667E-01       -1.76428691E+00        1.00000000E-06    
    4.16666667E-02        4.16666667E-01       -1.37727783E+00        1.00000000E-06    
    8.33333333E-02        4.16666667E-01        9.19932075E-01        1.00000000E-06    
    1.25000000E-01        4.16666667E-01        5.34989299E+00        1.00000000E-06    
    1.66666667E-01        4.16666667E-01        1.11372418E+01        1.00000000E-06    
    2.08333333E-01        4.16666667E-01        1.68984431E+01        1.00000000E-06    
    2.50000000E-01        4.16666667E-01        2.15061829E+01        1.00000000E-06    
    2.91666667E-01        4.16666667E-01        2.46319892E+01        1.00000000E-06    
    3.33333333E-01        4.16666667E-01        2.65877521E+01        1.00000000E-06    
    3.75000000E-01        4.16666667E-01        2.78932563E+01        1.00000000E-06    
    4.16666667E-01        4.16666667E-01        2.90023791E+01        1.00000000E-06    
    4.58333333E-01        4.16666667E-01        3.00669871E+01        1.00000000E-06    
    5.00000000E-01        4.16666667E-01        3.06376189E+01        1.00000000E-06    
   -5.00000000E-01        4.58333333E-01        2.67092382E+01        1.00000000E-06    
   -4.58333333E-01        4.58333333E-01        2.83015109E+01        1.00000000E-06    
   -4.16666667E-01        4.58333333E-01        2.74301803E+01        1.00000000E-06    
   -3.75000000E-01        4.58333333E-01        2.39099539E+01        1.00000000E-06    
   -3.33333333E-01        4.58333333E-01        1.86978882E+01        1.00000000E-06    
   -2.91666667E-01        4.58333333E-01        1.32394524E+01        1.00000000E-06    
   -2.50000000E-01        4.58333333E-01        8.61050936E+00        1.00000000E-06    
   -2.08333333E-01        4.58333333E-01        5.08390510E+00        1.00000000E-06    
   -1.66666667E-01        4.58333333E-01        2.23584008E+00        1.00000000E-06    
   -1.25000000E-01        4.58333333E-01       -6.55688860E-01        1.00000000E-06    
   -8.33333333E-02        4.58333333E-01       -4.19331779E+00        1.00000000E-06    
   -4.16666667E-02        4.58333333E-01       -8.53609684E+00        1.00000000E-06    
    0.00000000E+00        4.58333333E-01       -1.31778082E+01        1.00000000E-06    
    4.16666667E-02        4.58333333E-01       -1.69191633E+01        1.00000000E-06    
    8.33333333E-02        4.58333333E-01       -1.82403278E+01        1.00000000E-06    
    1.25000000E-01        4.58333333E-01       -1.61063727E+01        1.00000000E-06    
    1.66666667E-01        4.58333333E-01       -1.07248896E+01        1.00000000E-06    
    2.08333333E-01        4.58333333E-01       -3.53404080E+00        1.00000000E-06    
    2.50000000E-01        4.58333333E-01        3.66598671E+00        1.00000000E-06    
    2.91666667E-01        4.58333333E-01        9.66091792E+00        1.00000000E-06    
    3.33333333E-01        4.58333333E-01        1.41556515E+01        1.00000000E-06    
    3.75000000E-01        4.58333333E-01        1.75683809E+01        1.00000000E-06    
    4.16666667E-01        4.58333333E-01        2.06193666E+01        1.00000000E-06    
    4.58333333E-01        4.58333333E-01        2.37755592E+01        1.00000000E-06    
    5.00000000E-01        4.58333333E-01        2.67092382E+01        1.00000000E-06    
   -5.00000000E-01        5.00000000E-01        1.85113191E+01        1.00000000E-06    
   -4.58333333E-01        5.00000000E-01        2.23807814E+01        1.00000000E-06    
   -4.16666667E-01        5.00000000E-01        2.40030748E+01        1.00000000E-06    
   -3.75000000E-01        5.00000000E-01        2.29623579E+01        1.00000000E-06    
   -3.33333333E-01        5.00000000E-01        1.98969143E+01        1.00000000E-06    
   -2.91666667E-01        5.00000000E-01        1.59168594E+01        1.00000000E-06    
   -2.50000000E-01        5.00000000E-01        1.18354159E+01        1.00000000E-06    
   -2.08333333E-01        5.00000000E-01        7.80242984E+00        1.00000000E-06    
   -1.66666667E-01        5.00000000E-01        3.42429743E+00        1.00000000E-06    
   -1.25000000E-01        5.00000000E-01       -1.89306234E+00        1.00000000E-06    
   -8.33333333E-02        5.00000000E-01       -8.62386861E+00        1.00000000E-06    
   -4.16666667E-02        5.00000000E-01       -1.68451514E+01        1.00000000E-06    
    0.00000000E+00        5.00000000E-01       -2.59185237E+01        1.00000000E-06    
    4.16666667E-02        5.00000000E-01       -3.42575869E+01        1.00000000E-06    
    8.33333333E-02        5.00000000E-01       -3.95951795E+01        1.00000000E-06    
    1.25000000E-01        5.00000000E-01       -3.99981546E+01        1.00000000E-06    
    1.66666667E-01        5.00000000E-01       -3.51005048E+01        1.00000000E-06    
    2.08333333E-01        5.00000000E-01       -2.64721292E+01        1.00000000E-06    
    2.50000000E-01        5.00000000E-01       -1.66897890E+01        1.00000000E-06    
    2.91666667E-01        5.00000000E-01       -7.91863070E+00        1.00000000E-06    
    3.33333333E-01        5.00000000E-01       -1.07258336E+00        1.00000000E-06    
    3.75000000E-01        5.00000000E-01        4.17251285E+00        1.00000000E-06    
    4.16666667E-01        5.00000000E-01        8.80473543E+00        1.00000000E-06    
    4.58333333E-01        5.00000000E-01        1.36250818E+01        1.00000000E-06    
    5.00000000E-01        5.00000000E-01        1.85113191E+01        1.00000000E-06    
