Model dump (x mu nu), grid of 25x25=625 pts
Model parameter values (noise variance lengthscales [periods]): (1e-12, 0.23259465, [1.0, 0.39949275], [0.23259465, 1.0])
   -5.00000000E-01       -5.00000000E-01        6.70132419E-01        1.58399670E-01    
   -4.58333333E-01       -5.00000000E-01        6.82824657E-01        1.67145014E-01    
   -4.16666667E-01       -5.00000000E-01        6.31770615E-01        2.08216809E-01    
   -3.75000000E-01       -5.00000000E-01        5.35051473E-01        2.80703963E-01    
   -3.33333333E-01       -5.00000000E-01        4.17381848E-01        3.49192086E-01    
   -2.91666667E-01       -5.00000000E-01        2.98541504E-01        3.92526623E-01    
   -2.50000000E-01       -5.00000000E-01        1.84980089E-01        4.10268109E-01    
   -2.08333333E-01       -5.00000000E-01        6.96896641E-02        4.11661341E-01    
   -1.66666667E-01       -5.00000000E-01       -6.03368696E-02        4.02065014E-01    
   -1.25000000E-01       -5.00000000E-01       -2.13764159E-01        3.74741398E-01    
   -8.33333333E-02       -5.00000000E-01       -3.86433807E-01        3.15838620E-01    
   -4.16666667E-02       -5.00000000E-01       -5.58102138E-01        2.19720757E-01    
    0.00000000E+00       -5.00000000E-01       -6.96877150E-01        1.07867228E-01    
    4.16666667E-02       -5.00000000E-01       -7.71308639E-01        9.22030835E-02    
    8.33333333E-02       -5.00000000E-01       -7.64527653E-01        1.75385612E-01    
    1.25000000E-01       -5.00000000E-01       -6.81601262E-01        2.44381453E-01    
    1.66666667E-01       -5.00000000E-01       -5.45415735E-01        2.97916966E-01    
    2.08333333E-01       -5.00000000E-01       -3.84043754E-01        3.40487413E-01    
    2.50000000E-01       -5.00000000E-01       -2.17376023E-01        3.61207010E-01    
    2.91666667E-01       -5.00000000E-01       -5.10852990E-02        3.46812274E-01    
    3.33333333E-01       -5.00000000E-01        1.18327240E-01        2.95422851E-01    
    3.75000000E-01       -5.00000000E-01        2.91386177E-01        2.22925518E-01    
    4.16666667E-01       -5.00000000E-01        4.56315622E-01        1.65273942E-01    
    4.58333333E-01       -5.00000000E-01        5.90352372E-01        1.52339094E-01    
    5.00000000E-01       -5.00000000E-01        6.70132419E-01        1.58399670E-01    
   -5.00000000E-01       -4.58333333E-01        6.81571843E-01        1.67091693E-01    
   -4.58333333E-01       -4.58333333E-01        6.75543068E-01        2.37136122E-01    
   -4.16666667E-01       -4.58333333E-01        6.15791370E-01        2.93093380E-01    
   -3.75000000E-01       -4.58333333E-01        5.22820193E-01        3.42507524E-01    
   -3.33333333E-01       -4.58333333E-01        4.17726577E-01        3.79530759E-01    
   -2.91666667E-01       -4.58333333E-01        3.13398327E-01        3.95675521E-01    
   -2.50000000E-01       -4.58333333E-01        2.09340585E-01        3.92135942E-01    
   -2.08333333E-01       -4.58333333E-01        9.35990447E-02        3.79885533E-01    
   -1.66666667E-01       -4.58333333E-01       -4.89408221E-02        3.67335070E-01    
   -1.25000000E-01       -4.58333333E-01       -2.26174222E-01        3.45775974E-01    
   -8.33333333E-02       -4.58333333E-01       -4.30901372E-01        2.94605393E-01    
   -4.16666667E-02       -4.58333333E-01       -6.38493930E-01        2.03546771E-01    
    0.00000000E+00       -4.58333333E-01       -8.12043843E-01        8.93577220E-02    
    4.16666667E-02       -4.58333333E-01       -9.14790305E-01        5.11548167E-02    
    8.33333333E-02       -4.58333333E-01       -9.24651475E-01        1.23177457E-01    
    1.25000000E-01       -4.58333333E-01       -8.42536963E-01        1.81059252E-01    
    1.66666667E-01       -4.58333333E-01       -6.89662072E-01        2.42391898E-01    
    2.08333333E-01       -4.58333333E-01       -4.95980678E-01        3.05350713E-01    
    2.50000000E-01       -4.58333333E-01       -2.86765282E-01        3.45375745E-01    
    2.91666667E-01       -4.58333333E-01       -7.55575222E-02        3.43658639E-01    
    3.33333333E-01       -4.58333333E-01        1.32254080E-01        2.94149335E-01    
    3.75000000E-01       -4.58333333E-01        3.29297955E-01        2.02665530E-01    
    4.16666667E-01       -4.58333333E-01        4.99590165E-01        9.40838538E-02    
    4.58333333E-01       -4.58333333E-01        6.22184786E-01        8.19329698E-02    
    5.00000000E-01       -4.58333333E-01        6.81571843E-01        1.67091693E-01    
   -5.00000000E-01       -4.16666667E-01        6.27859358E-01        2.08169970E-01    
   -4.58333333E-01       -4.16666667E-01        6.12815777E-01        2.93122654E-01    
   -4.16666667E-01       -4.16666667E-01        5.56908033E-01        3.48193814E-01    
   -3.75000000E-01       -4.16666667E-01        4.80716042E-01        3.79840956E-01    
   -3.33333333E-01       -4.16666667E-01        4.00189844E-01        3.90388066E-01    
   -2.91666667E-01       -4.16666667E-01        3.20695073E-01        3.78030014E-01    
   -2.50000000E-01       -4.16666667E-01        2.35006632E-01        3.46967587E-01    
   -2.08333333E-01       -4.16666667E-01        1.27133620E-01        3.15464429E-01    
   -1.66666667E-01       -4.16666667E-01       -1.88747575E-02        3.03515107E-01    
   -1.25000000E-01       -4.16666667E-01       -2.09094266E-01        3.00799488E-01    
   -8.33333333E-02       -4.16666667E-01       -4.33195767E-01        2.73893509E-01    
   -4.16666667E-02       -4.16666667E-01       -6.63565242E-01        2.08287283E-01    
    0.00000000E+00       -4.16666667E-01       -8.60964628E-01        1.30353318E-01    
    4.16666667E-02       -4.16666667E-01       -9.86260349E-01        9.56231559E-02    
    8.33333333E-02       -4.16666667E-01       -1.01408326E+00        9.26588318E-02    
    1.25000000E-01       -4.16666667E-01       -9.41451245E-01        9.82751600E-02    
    1.66666667E-01       -4.16666667E-01       -7.86765066E-01        1.63325097E-01    
    2.08333333E-01       -4.16666667E-01       -5.80037203E-01        2.51055746E-01    
    2.50000000E-01       -4.16666667E-01       -3.50036528E-01        3.12146832E-01    
    2.91666667E-01       -4.16666667E-01       -1.16374051E-01        3.26274082E-01    
    3.33333333E-01       -4.16666667E-01        1.08676224E-01        2.88219379E-01    
    3.75000000E-01       -4.16666667E-01        3.12302596E-01        2.01940312E-01    
    4.16666667E-01       -4.16666667E-01        4.76831591E-01        9.24916424E-02    
    4.58333333E-01       -4.16666667E-01        5.84670929E-01        1.01294637E-01    
    5.00000000E-01       -4.16666667E-01        6.27859358E-01        2.08169970E-01    
   -5.00000000E-01       -3.75000000E-01        5.27191654E-01        2.80811455E-01    
   -4.58333333E-01       -3.75000000E-01        5.15206725E-01        3.42773266E-01    
   -4.16666667E-01       -3.75000000E-01        4.75570941E-01        3.80161556E-01    
   -3.75000000E-01       -3.75000000E-01        4.26239933E-01        3.91714742E-01    
   -3.33333333E-01       -3.75000000E-01        3.77046749E-01        3.78935948E-01    
   -2.91666667E-01       -3.75000000E-01        3.26399038E-01        3.39850402E-01    
   -2.50000000E-01       -3.75000000E-01        2.61979175E-01        2.76728094E-01    
   -2.08333333E-01       -3.75000000E-01        1.65979295E-01        2.15115283E-01    
   -1.66666667E-01       -3.75000000E-01        2.37996113E-02        2.04066182E-01    
   -1.25000000E-01       -3.75000000E-01       -1.67443699E-01        2.31721039E-01    
   -8.33333333E-02       -3.75000000E-01       -3.94488130E-01        2.32945290E-01    
   -4.16666667E-02       -3.75000000E-01       -6.28853390E-01        1.83604999E-01    
    0.00000000E+00       -3.75000000E-01       -8.32645280E-01        1.13081184E-01    
    4.16666667E-02       -3.75000000E-01       -9.68498789E-01        8.12297191E-02    
    8.33333333E-02       -3.75000000E-01       -1.01100872E+00        6.40585147E-02    
    1.25000000E-01       -3.75000000E-01       -9.54648684E-01        1.00009994E-04    
    1.66666667E-01       -3.75000000E-01       -8.14169622E-01        1.01078281E-01    
    2.08333333E-01       -3.75000000E-01       -6.17115428E-01        2.01072413E-01    
    2.50000000E-01       -3.75000000E-01       -3.92464866E-01        2.71399163E-01    
    2.91666667E-01       -3.75000000E-01       -1.62615320E-01        3.01792158E-01    
    3.33333333E-01       -3.75000000E-01        5.63706073E-02        2.91180033E-01    
    3.75000000E-01       -3.75000000E-01        2.49220732E-01        2.46944594E-01    
    4.16666667E-01       -3.75000000E-01        3.99005420E-01        2.02667820E-01    
    4.58333333E-01       -3.75000000E-01        4.92317126E-01        2.16514905E-01    
    5.00000000E-01       -3.75000000E-01        5.27191654E-01        2.80811455E-01    
   -5.00000000E-01       -3.33333333E-01        4.04542037E-01        3.49606100E-01    
   -4.58333333E-01       -3.33333333E-01        4.04077294E-01        3.80318237E-01    
   -4.16666667E-01       -3.33333333E-01        3.87941729E-01        3.91500166E-01    
   -3.75000000E-01       -3.33333333E-01        3.69257083E-01        3.79983579E-01    
   -3.33333333E-01       -3.33333333E-01        3.51304920E-01        3.47185344E-01    
   -2.91666667E-01       -3.33333333E-01        3.26738847E-01        2.90146501E-01    
   -2.50000000E-01       -3.33333333E-01        2.80571602E-01        2.03124794E-01    
   -2.08333333E-01       -3.33333333E-01        1.96225206E-01        9.81777793E-02    
   -1.66666667E-01       -3.33333333E-01        6.32282599E-02        8.78802318E-02    
   -1.25000000E-01       -3.33333333E-01       -1.16659098E-01        1.64604707E-01    
   -8.33333333E-02       -3.33333333E-01       -3.27868138E-01        1.89624627E-01    
   -4.16666667E-02       -3.33333333E-01       -5.43819462E-01        1.43422039E-01    
    0.00000000E+00       -3.33333333E-01       -7.32209855E-01        5.05428781E-02    
    4.16666667E-02       -3.33333333E-01       -8.62048329E-01        4.21299102E-02    
    8.33333333E-02       -3.33333333E-01       -9.11613316E-01        9.20492386E-02    
    1.25000000E-01       -3.33333333E-01       -8.74618782E-01        1.01539946E-01    
    1.66666667E-01       -3.33333333E-01       -7.61501244E-01        1.18726792E-01    
    2.08333333E-01       -3.33333333E-01       -5.94551610E-01        1.63983937E-01    
    2.50000000E-01       -3.33333333E-01       -3.99127753E-01        2.14501069E-01    
    2.91666667E-01       -3.33333333E-01       -1.96665137E-01        2.58501611E-01    
    3.33333333E-01       -3.33333333E-01       -3.87979231E-03        2.87122013E-01    
    3.75000000E-01       -3.33333333E-01        1.63960392E-01        2.95592233E-01    
    4.16666667E-01       -3.33333333E-01        2.92227383E-01        2.97356604E-01    
    4.58333333E-01       -3.33333333E-01        3.71719427E-01        3.15081591E-01    
    5.00000000E-01       -3.33333333E-01        4.04542037E-01        3.49606100E-01    
   -5.00000000E-01       -2.91666667E-01        2.80577245E-01        3.93391440E-01    
   -4.58333333E-01       -2.91666667E-01        2.93491923E-01        3.97198005E-01    
   -4.16666667E-01       -2.91666667E-01        3.00914635E-01        3.80302679E-01    
   -3.75000000E-01       -2.91666667E-01        3.09953299E-01        3.42684551E-01    
   -3.33333333E-01       -2.91666667E-01        3.17407530E-01        2.92532476E-01    
   -2.91666667E-01       -2.91666667E-01        3.11535055E-01        2.34811419E-01    
   -2.50000000E-01       -2.91666667E-01        2.77148085E-01        1.62543639E-01    
   -2.08333333E-01       -2.91666667E-01        2.01972005E-01        7.92644236E-02    
   -1.66666667E-01       -2.91666667E-01        8.23515212E-02        8.85105438E-02    
   -1.25000000E-01       -2.91666667E-01       -7.41827555E-02        1.63964140E-01    
   -8.33333333E-02       -2.91666667E-01       -2.50867993E-01        1.94139870E-01    
   -4.16666667E-02       -2.91666667E-01       -4.26140296E-01        1.63533303E-01    
    0.00000000E+00       -2.91666667E-01       -5.77464383E-01        1.12515002E-01    
    4.16666667E-02       -2.91666667E-01       -6.84328274E-01        1.27385022E-01    
    8.33333333E-02       -2.91666667E-01       -7.31744696E-01        1.73322906E-01    
    1.25000000E-01       -2.91666667E-01       -7.13956636E-01        1.88607135E-01    
    1.66666667E-01       -2.91666667E-01       -6.36327939E-01        1.68601117E-01    
    2.08333333E-01       -2.91666667E-01       -5.13446548E-01        1.29819333E-01    
    2.50000000E-01       -2.91666667E-01       -3.63833460E-01        1.24159885E-01    
    2.91666667E-01       -2.91666667E-01       -2.04953030E-01        1.88752169E-01    
    3.33333333E-01       -2.91666667E-01       -5.19004680E-02        2.66963745E-01    
    3.75000000E-01       -2.91666667E-01        8.14797614E-02        3.23051695E-01    
    4.16666667E-01       -2.91666667E-01        1.83361665E-01        3.55677461E-01    
    4.58333333E-01       -2.91666667E-01        2.48197239E-01        3.77276015E-01    
    5.00000000E-01       -2.91666667E-01        2.80577245E-01        3.93391440E-01    
   -5.00000000E-01       -2.50000000E-01        1.63454083E-01        4.11575440E-01    
   -4.58333333E-01       -2.50000000E-01        1.85417292E-01        3.94140139E-01    
   -4.16666667E-01       -2.50000000E-01        2.10677088E-01        3.49838250E-01    
   -3.75000000E-01       -2.50000000E-01        2.40315434E-01        2.80756176E-01    
   -3.33333333E-01       -2.50000000E-01        2.65207233E-01        2.08044686E-01    
   -2.91666667E-01       -2.50000000E-01        2.70416468E-01        1.65786080E-01    
   -2.50000000E-01       -2.50000000E-01        2.42366516E-01        1.55503031E-01    
   -2.08333333E-01       -2.50000000E-01        1.75189408E-01        1.51027970E-01    
   -1.66666667E-01       -2.50000000E-01        7.36970402E-02        1.63368666E-01    
   -1.25000000E-01       -2.50000000E-01       -4.85078738E-02        1.99700557E-01    
   -8.33333333E-02       -2.50000000E-01       -1.74936576E-01        2.26378410E-01    
   -4.16666667E-02       -2.50000000E-01       -2.91862691E-01        2.22773652E-01    
    0.00000000E+00       -2.50000000E-01       -3.89724649E-01        2.08594628E-01    
    4.16666667E-02       -2.50000000E-01       -4.61130096E-01        2.18196733E-01    
    8.33333333E-02       -2.50000000E-01       -4.99327541E-01        2.42652957E-01    
    1.25000000E-01       -2.50000000E-01       -4.99291543E-01        2.46938262E-01    
    1.66666667E-01       -2.50000000E-01       -4.60401836E-01        2.09659771E-01    
    2.08333333E-01       -2.50000000E-01       -3.87961210E-01        1.24254739E-01    
    2.50000000E-01       -2.50000000E-01       -2.91926575E-01        1.00009997E-04    
    2.91666667E-01       -2.50000000E-01       -1.84316249E-01        1.37126106E-01    
    3.33333333E-01       -2.50000000E-01       -7.75986577E-02        2.56455419E-01    
    3.75000000E-01       -2.50000000E-01        1.62193866E-02        3.39562958E-01    
    4.16666667E-01       -2.50000000E-01        8.79085669E-02        3.86656155E-01    
    4.58333333E-01       -2.50000000E-01        1.34906365E-01        4.08283853E-01    
    5.00000000E-01       -2.50000000E-01        1.63454083E-01        4.11575440E-01    
   -5.00000000E-01       -2.08333333E-01        4.81651294E-02        4.13084307E-01    
   -4.58333333E-01       -2.08333333E-01        7.09883271E-02        3.81364017E-01    
   -4.16666667E-01       -2.08333333E-01        1.05700422E-01        3.16825355E-01    
   -3.75000000E-01       -2.08333333E-01        1.48372617E-01        2.16673858E-01    
   -3.33333333E-01       -2.08333333E-01        1.84951209E-01        1.01236347E-01    
   -2.91666667E-01       -2.08333333E-01        1.98181987E-01        8.12897825E-02    
   -2.50000000E-01       -2.08333333E-01        1.76748863E-01        1.50423518E-01    
   -2.08333333E-01       -2.08333333E-01        1.21496566E-01        1.80806230E-01    
   -1.66666667E-01       -2.08333333E-01        4.54749220E-02        1.80258093E-01    
   -1.25000000E-01       -2.08333333E-01       -3.26052001E-02        1.91738489E-01    
   -8.33333333E-02       -2.08333333E-01       -9.81590210E-02        2.24627737E-01    
   -4.16666667E-02       -2.08333333E-01       -1.47113289E-01        2.50422710E-01    
    0.00000000E+00       -2.08333333E-01       -1.84234089E-01        2.58581728E-01    
    4.16666667E-02       -2.08333333E-01       -2.15723628E-01        2.61242008E-01    
    8.33333333E-02       -2.08333333E-01       -2.42672512E-01        2.67286618E-01    
    1.25000000E-01       -2.08333333E-01       -2.59902189E-01        2.66543560E-01    
    1.66666667E-01       -2.08333333E-01       -2.59959455E-01        2.39346779E-01    
    2.08333333E-01       -2.08333333E-01       -2.38423888E-01        1.79757982E-01    
    2.50000000E-01       -2.08333333E-01       -1.96670015E-01        1.34827566E-01    
    2.91666667E-01       -2.08333333E-01       -1.41422814E-01        1.91029601E-01    
    3.33333333E-01       -2.08333333E-01       -8.26918361E-02        2.87291722E-01    
    3.75000000E-01       -2.08333333E-01       -3.09184343E-02        3.62635822E-01    
    4.16666667E-01       -2.08333333E-01        6.81683325E-03        4.05189665E-01    
    4.58333333E-01       -2.08333333E-01        3.05403936E-02        4.20200167E-01    
    5.00000000E-01       -2.08333333E-01        4.81651294E-02        4.13084307E-01    
   -5.00000000E-01       -1.66666667E-01       -7.72281119E-02        4.03214731E-01    
   -4.58333333E-01       -1.66666667E-01       -6.29742312E-02        3.67576564E-01    
   -4.16666667E-01       -1.66666667E-01       -2.68973520E-02        3.02937191E-01    
   -3.75000000E-01       -1.66666667E-01        2.38131087E-02        2.04086887E-01    
   -3.33333333E-01       -1.66666667E-01        7.14572795E-02        9.25340906E-02    
   -2.91666667E-01       -1.66666667E-01        9.69094418E-02        9.39560572E-02    
   -2.50000000E-01       -1.66666667E-01        9.04478170E-02        1.63756601E-01    
   -2.08333333E-01       -1.66666667E-01        5.78945024E-02        1.78746489E-01    
   -1.66666667E-01       -1.66666667E-01        1.81544148E-02        1.39856337E-01    
   -1.25000000E-01       -1.66666667E-01       -7.32943709E-03        1.18121205E-01    
   -8.33333333E-02       -1.66666667E-01       -7.53810207E-03        1.73569481E-01    
   -4.16666667E-02       -1.66666667E-01        1.15451634E-02        2.31802613E-01    
    0.00000000E+00       -1.66666667E-01        3.18077916E-02        2.52950577E-01    
    4.16666667E-02       -1.66666667E-01        3.54195315E-02        2.43717810E-01    
    8.33333333E-02       -1.66666667E-01        1.56349373E-02        2.33583525E-01    
    1.25000000E-01       -1.66666667E-01       -2.06264230E-02        2.41971135E-01    
    1.66666667E-01       -1.66666667E-01       -5.86447871E-02        2.52446552E-01    
    2.08333333E-01       -1.66666667E-01       -8.50257697E-02        2.48770385E-01    
    2.50000000E-01       -1.66666667E-01       -9.39730290E-02        2.50438249E-01    
    2.91666667E-01       -1.66666667E-01       -8.82951964E-02        2.86222743E-01    
    3.33333333E-01       -1.66666667E-01       -7.65170708E-02        3.43355728E-01    
    3.75000000E-01       -1.66666667E-01       -6.81501519E-02        3.91364798E-01    
    4.16666667E-01       -1.66666667E-01       -6.85275370E-02        4.16249545E-01    
    4.58333333E-01       -1.66666667E-01       -7.50042891E-02        4.18828871E-01    
    5.00000000E-01       -1.66666667E-01       -7.72281119E-02        4.03214731E-01    
   -5.00000000E-01       -1.25000000E-01       -2.22523966E-01        3.75823049E-01    
   -4.58333333E-01       -1.25000000E-01       -2.25593181E-01        3.46479209E-01    
   -4.16666667E-01       -1.25000000E-01       -1.94385045E-01        3.05544045E-01    
   -3.75000000E-01       -1.25000000E-01       -1.37200608E-01        2.49605470E-01    
   -3.33333333E-01       -1.25000000E-01       -7.40312975E-02        2.02879625E-01    
   -2.91666667E-01       -1.25000000E-01       -2.58920405E-02        2.03455919E-01    
   -2.50000000E-01       -1.25000000E-01       -2.66859290E-03        2.22321215E-01    
   -2.08333333E-01       -1.25000000E-01        3.12030136E-03        2.00552332E-01    
   -1.66666667E-01       -1.25000000E-01        1.22104897E-02        1.19504941E-01    
   -1.25000000E-01       -1.25000000E-01        4.53513041E-02        1.00009997E-04    
   -8.33333333E-02       -1.25000000E-01        1.08446733E-01        1.16840205E-01    
   -4.16666667E-02       -1.25000000E-01        1.86456525E-01        1.92831157E-01    
    0.00000000E+00       -1.25000000E-01        2.51132756E-01        2.09922815E-01    
    4.16666667E-02       -1.25000000E-01        2.77187418E-01        1.78124701E-01    
    8.33333333E-02       -1.25000000E-01        2.55773133E-01        1.48875921E-01    
    1.25000000E-01       -1.25000000E-01        1.97309309E-01        1.86372925E-01    
    1.66666667E-01       -1.25000000E-01        1.23428730E-01        2.51896348E-01    
    2.08333333E-01       -1.25000000E-01        5.45887555E-02        2.99675655E-01    
    2.50000000E-01       -1.25000000E-01        1.31612878E-03        3.30492084E-01    
    2.91666667E-01       -1.25000000E-01       -3.73525990E-02        3.60148557E-01    
    3.33333333E-01       -1.25000000E-01       -6.98033760E-02        3.90848943E-01    
    3.75000000E-01       -1.25000000E-01       -1.05345856E-01        4.11589068E-01    
    4.16666667E-01       -1.25000000E-01       -1.47807073E-01        4.14086834E-01    
    4.58333333E-01       -1.25000000E-01       -1.91540710E-01        3.99662135E-01    
    5.00000000E-01       -1.25000000E-01       -2.22523966E-01        3.75823049E-01    
   -5.00000000E-01       -8.33333333E-02       -3.87243501E-01        3.17651700E-01    
   -4.58333333E-01       -8.33333333E-02       -4.14846550E-01        2.99717786E-01    
   -4.16666667E-01       -8.33333333E-02       -3.93206008E-01        2.96945075E-01    
   -3.75000000E-01       -8.33333333E-02       -3.29433381E-01        2.93448847E-01    
   -3.33333333E-01       -8.33333333E-02       -2.44462763E-01        2.90767010E-01    
   -2.91666667E-01       -8.33333333E-02       -1.61533814E-01        2.97051486E-01    
   -2.50000000E-01       -8.33333333E-02       -9.30323225E-02        2.96636161E-01    
   -2.08333333E-01       -8.33333333E-02       -3.38018197E-02        2.62020560E-01    
   -1.66666667E-01       -8.33333333E-02        3.41486739E-02        1.88814596E-01    
   -1.25000000E-01       -8.33333333E-02        1.27261122E-01        1.20222057E-01    
   -8.33333333E-02       -8.33333333E-02        2.45210549E-01        1.30690395E-01    
   -4.16666667E-02       -8.33333333E-02        3.66036818E-01        1.63724524E-01    
    0.00000000E+00       -8.33333333E-02        4.56123654E-01        1.53124340E-01    
    4.16666667E-02       -8.33333333E-02        4.88260576E-01        9.17914104E-02    
    8.33333333E-02       -8.33333333E-02        4.55612213E-01        5.19455398E-02    
    1.25000000E-01       -8.33333333E-02        3.73416435E-01        1.57512652E-01    
    1.66666667E-01       -8.33333333E-02        2.68798589E-01        2.62535827E-01    
    2.08333333E-01       -8.33333333E-02        1.66312239E-01        3.35416307E-01    
    2.50000000E-01       -8.33333333E-02        7.81426526E-02        3.77763412E-01    
    2.91666667E-01       -8.33333333E-02        2.90379131E-03        4.02230577E-01    
    3.33333333E-01       -8.33333333E-02       -6.89424688E-02        4.15467223E-01    
    3.75000000E-01       -8.33333333E-02       -1.47070896E-01        4.13932374E-01    
    4.16666667E-01       -8.33333333E-02       -2.33871233E-01        3.92465982E-01    
    4.58333333E-01       -8.33333333E-02       -3.20226487E-01        3.54688730E-01    
    5.00000000E-01       -8.33333333E-02       -3.87243501E-01        3.17651700E-01    
   -5.00000000E-01       -4.16666667E-02       -5.56121543E-01        2.22602561E-01    
   -4.58333333E-01       -4.16666667E-02       -6.13715500E-01        2.15681523E-01    
   -4.16666667E-01       -4.16666667E-02       -6.06328705E-01        2.58877059E-01    
   -3.75000000E-01       -4.16666667E-02       -5.37560213E-01        3.02935104E-01    
   -3.33333333E-01       -4.16666667E-02       -4.27772785E-01        3.32895522E-01    
   -2.91666667E-01       -4.16666667E-02       -3.02662666E-01        3.51266704E-01    
   -2.50000000E-01       -4.16666667E-02       -1.79325633E-01        3.51290866E-01    
   -2.08333333E-01       -4.16666667E-02       -5.85618808E-02        3.20774460E-01    
   -1.66666667E-01       -4.16666667E-02        7.09496011E-02        2.62195447E-01    
   -1.25000000E-01       -4.16666667E-02        2.18583773E-01        2.01651190E-01    
   -8.33333333E-02       -4.16666667E-02        3.77568780E-01        1.65012003E-01    
   -4.16666667E-02       -4.16666667E-02        5.21934744E-01        1.36096485E-01    
    0.00000000E+00       -4.16666667E-02        6.17934458E-01        8.58922988E-02    
    4.16666667E-02       -4.16666667E-02        6.41946578E-01        2.47230805E-02    
    8.33333333E-02       -4.16666667E-02        5.92646290E-01        1.00294512E-01    
    1.25000000E-01       -4.16666667E-02        4.90358295E-01        2.06169366E-01    
    1.66666667E-01       -4.16666667E-02        3.65214326E-01        3.00276363E-01    
    2.08333333E-01       -4.16666667E-02        2.42245285E-01        3.66216079E-01    
    2.50000000E-01       -4.16666667E-02        1.32131125E-01        4.02690888E-01    
    2.91666667E-01       -4.16666667E-02        3.11026558E-02        4.18161686E-01    
    3.33333333E-01       -4.16666667E-02       -7.23742243E-02        4.18297650E-01    
    3.75000000E-01       -4.16666667E-02       -1.88532746E-01        3.99603514E-01    
    4.16666667E-01       -4.16666667E-02       -3.18287964E-01        3.54743173E-01    
    4.58333333E-01       -4.16666667E-02       -4.48904601E-01        2.86042362E-01    
    5.00000000E-01       -4.16666667E-02       -5.56121543E-01        2.22602561E-01    
   -5.00000000E-01        0.00000000E+00       -7.00883456E-01        1.12268453E-01    
   -4.58333333E-01        0.00000000E+00       -7.91555955E-01        1.04857351E-01    
   -4.16666667E-01        0.00000000E+00       -8.03948057E-01        1.97955044E-01    
   -3.75000000E-01        0.00000000E+00       -7.36039142E-01        2.75133818E-01    
   -3.33333333E-01        0.00000000E+00       -6.05761875E-01        3.28166644E-01    
   -2.91666667E-01        0.00000000E+00       -4.40844054E-01        3.61765917E-01    
   -2.50000000E-01        0.00000000E+00       -2.64385301E-01        3.70861746E-01    
   -2.08333333E-01        0.00000000E+00       -8.55199609E-02        3.47013633E-01    
   -1.66666667E-01        0.00000000E+00        9.80494778E-02        2.92057063E-01    
   -1.25000000E-01        0.00000000E+00        2.87494255E-01        2.22571678E-01    
   -8.33333333E-02        0.00000000E+00        4.70581841E-01        1.55571728E-01    
   -4.16666667E-02        0.00000000E+00        6.20567010E-01        8.60914317E-02    
    0.00000000E+00        0.00000000E+00        7.08073407E-01        1.00009980E-04    
    4.16666667E-02        0.00000000E+00        7.17029378E-01        9.84495451E-02    
    8.33333333E-02        0.00000000E+00        6.53325342E-01        1.94790430E-01    
    1.25000000E-01        0.00000000E+00        5.41225969E-01        2.79755379E-01    
    1.66666667E-01        0.00000000E+00        4.10726767E-01        3.46804553E-01    
    2.08333333E-01        0.00000000E+00        2.83830597E-01        3.89938308E-01    
    2.50000000E-01        0.00000000E+00        1.67168106E-01        4.09490771E-01    
    2.91666667E-01        0.00000000E+00        5.34282716E-02        4.12391323E-01    
    3.33333333E-01        0.00000000E+00       -7.10206979E-02        4.03204242E-01    
    3.75000000E-01        0.00000000E+00       -2.16672188E-01        3.76021277E-01    
    4.16666667E-01        0.00000000E+00       -3.82919864E-01        3.17900878E-01    
    4.58333333E-01        0.00000000E+00       -5.53938493E-01        2.22842113E-01    
    5.00000000E-01        0.00000000E+00       -7.00883456E-01        1.12268453E-01    
   -5.00000000E-01        4.16666667E-02       -7.89619200E-01        1.05420694E-01    
   -4.58333333E-01        4.16666667E-02       -9.12276687E-01        4.85146910E-02    
   -4.16666667E-01        4.16666667E-02       -9.49276786E-01        1.34557349E-01    
   -3.75000000E-01        4.16666667E-02       -8.91690001E-01        2.13907876E-01    
   -3.33333333E-01        4.16666667E-02       -7.53039698E-01        2.81213428E-01    
   -2.91666667E-01        4.16666667E-02       -5.61666779E-01        3.33510310E-01    
   -2.50000000E-01        4.16666667E-02       -3.46354166E-01        3.56737864E-01    
   -2.08333333E-01        4.16666667E-02       -1.24994953E-01        3.38979834E-01    
   -1.66666667E-01        4.16666667E-02        9.53750122E-02        2.79198464E-01    
   -1.25000000E-01        4.16666667E-02        3.08394726E-01        1.90176452E-01    
   -8.33333333E-02        4.16666667E-02        4.98409738E-01        9.40324922E-02    
   -4.16666667E-02        4.16666667E-02        6.40887405E-01        2.47560726E-02    
    0.00000000E+00        4.16666667E-02        7.13647112E-01        9.86736702E-02    
    4.16666667E-02        4.16666667E-02        7.09591503E-01        1.91422807E-01    
    8.33333333E-02        4.16666667E-02        6.41184080E-01        2.75305785E-01    
    1.25000000E-01        4.16666667E-02        5.34213801E-01        3.39324460E-01    
    1.66666667E-01        4.16666667E-02        4.15428908E-01        3.79875039E-01    
    2.08333333E-01        4.16666667E-02        3.01224796E-01        3.96696581E-01    
    2.50000000E-01        4.16666667E-02        1.92867520E-01        3.93867032E-01    
    2.91666667E-01        4.16666667E-02        7.94760157E-02        3.81550895E-01    
    3.33333333E-01        4.16666667E-02       -5.39121025E-02        3.68015346E-01    
    3.75000000E-01        4.16666667E-02       -2.17241158E-01        3.46952161E-01    
    4.16666667E-01        4.16666667E-02       -4.08347930E-01        3.00183190E-01    
    4.58333333E-01        4.16666667E-02       -6.09556184E-01        2.16185400E-01    
    5.00000000E-01        4.16666667E-02       -7.89619200E-01        1.05420694E-01    
   -5.00000000E-01        8.33333333E-02       -8.00318302E-01        1.98385334E-01    
   -4.58333333E-01        8.33333333E-02       -9.47366798E-01        1.34806007E-01    
   -4.16666667E-01        8.33333333E-02       -1.00960734E+00        9.20940305E-02    
   -3.75000000E-01        8.33333333E-02       -9.71514945E-01        1.19857796E-01    
   -3.33333333E-01        8.33333333E-02       -8.40766491E-01        2.01933200E-01    
   -2.91666667E-01        8.33333333E-02       -6.44030655E-01        2.79647043E-01    
   -2.50000000E-01        8.33333333E-02       -4.13526653E-01        3.21342753E-01    
   -2.08333333E-01        8.33333333E-02       -1.74063816E-01        3.13461311E-01    
   -1.66666667E-01        8.33333333E-02        5.96886335E-02        2.54372006E-01    
   -1.25000000E-01        8.33333333E-02        2.75886542E-01        1.54970490E-01    
   -8.33333333E-02        8.33333333E-02        4.57899153E-01        5.20841504E-02    
   -4.16666667E-02        8.33333333E-02        5.85540087E-01        1.01282646E-01    
    0.00000000E+00        8.33333333E-02        6.44624542E-01        1.95503028E-01    
    4.16666667E-02        8.33333333E-02        6.35967408E-01        2.75568135E-01    
    8.33333333E-02        8.33333333E-02        5.76059033E-01        3.37410789E-01    
    1.25000000E-01        8.33333333E-02        4.89194020E-01        3.76614823E-01    
    1.66666667E-01        8.33333333E-02        3.96428428E-01        3.90907096E-01    
    2.08333333E-01        8.33333333E-02        3.07319512E-01        3.80276149E-01    
    2.50000000E-01        8.33333333E-02        2.17872070E-01        3.50045167E-01    
    2.91666667E-01        8.33333333E-02        1.14770396E-01        3.17377076E-01    
    3.33333333E-01        8.33333333E-02       -1.66912791E-02        3.03680859E-01    
    3.75000000E-01        8.33333333E-02       -1.84641727E-01        3.06222260E-01    
    4.16666667E-01        8.33333333E-02       -3.85262573E-01        2.97504572E-01    
    4.58333333E-01        8.33333333E-02       -6.00660803E-01        2.59375829E-01    
    5.00000000E-01        8.33333333E-02       -8.00318302E-01        1.98385334E-01    
   -5.00000000E-01        1.25000000E-01       -7.30884820E-01        2.75410622E-01    
   -4.58333333E-01        1.25000000E-01       -8.87504404E-01        2.14121019E-01    
   -4.16666667E-01        1.25000000E-01       -9.68733489E-01        1.19967176E-01    
   -3.75000000E-01        1.25000000E-01       -9.54648678E-01        1.00009995E-04    
   -3.33333333E-01        1.25000000E-01       -8.46748053E-01        1.23066881E-01    
   -2.91666667E-01        1.25000000E-01       -6.67393908E-01        2.20974560E-01    
   -2.50000000E-01        1.25000000E-01       -4.48445155E-01        2.76210995E-01    
   -2.08333333E-01        1.25000000E-01       -2.17902140E-01        2.84474268E-01    
   -1.66666667E-01        1.25000000E-01        5.05450749E-03        2.48775445E-01    
   -1.25000000E-01        1.25000000E-01        2.05705316E-01        1.87093740E-01    
   -8.33333333E-02        1.25000000E-01        3.68487965E-01        1.57974581E-01    
   -4.16666667E-02        1.25000000E-01        4.78457641E-01        2.07651328E-01    
    0.00000000E+00        1.25000000E-01        5.28538942E-01        2.80829740E-01    
    4.16666667E-02        1.25000000E-01        5.24891127E-01        3.39804500E-01    
    8.33333333E-02        1.25000000E-01        4.84754884E-01        3.76752704E-01    
    1.25000000E-01        1.25000000E-01        4.28165920E-01        3.90415636E-01    
    1.66666667E-01        1.25000000E-01        3.69018212E-01        3.79814745E-01    
    2.08333333E-01        1.25000000E-01        3.10032355E-01        3.42738298E-01    
    2.50000000E-01        1.25000000E-01        2.43206302E-01        2.80912828E-01    
    2.91666667E-01        1.25000000E-01        1.54851148E-01        2.17216602E-01    
    3.33333333E-01        1.25000000E-01        3.27388388E-02        2.04941030E-01    
    3.75000000E-01        1.25000000E-01       -1.27858957E-01        2.50284408E-01    
    4.16666667E-01        1.25000000E-01       -3.21283109E-01        2.93903515E-01    
    4.58333333E-01        1.25000000E-01       -5.31090397E-01        3.03273151E-01    
    5.00000000E-01        1.25000000E-01       -7.30884820E-01        2.75410622E-01    
   -5.00000000E-01        1.66666667E-01       -5.99269195E-01        3.28554834E-01    
   -4.58333333E-01        1.66666667E-01       -7.45945150E-01        2.81848506E-01    
   -4.16666667E-01        1.66666667E-01       -8.33841636E-01        2.02684782E-01    
   -3.75000000E-01        1.66666667E-01       -8.41987833E-01        1.23395499E-01    
   -3.33333333E-01        1.66666667E-01       -7.66384528E-01        1.19024905E-01    
   -2.91666667E-01        1.66666667E-01       -6.22729827E-01        1.71486268E-01    
   -2.50000000E-01        1.66666667E-01       -4.38261615E-01        2.16206255E-01    
   -2.08333333E-01        1.66666667E-01       -2.39735111E-01        2.43926289E-01    
   -1.66666667E-01        1.66666667E-01       -4.73320538E-02        2.53619998E-01    
   -1.25000000E-01        1.66666667E-01        1.23693035E-01        2.51884422E-01    
   -8.33333333E-02        1.66666667E-01        2.59994609E-01        2.63328705E-01    
   -4.16666667E-02        1.66666667E-01        3.51612613E-01        3.01611730E-01    
    0.00000000E+00        1.66666667E-01        3.96820172E-01        3.47819567E-01    
    4.16666667E-02        1.66666667E-01        4.04343371E-01        3.80380074E-01    
    8.33333333E-02        1.66666667E-01        3.89379547E-01        3.91071012E-01    
    1.25000000E-01        1.66666667E-01        3.65829278E-01        3.79824160E-01    
    1.66666667E-01        1.66666667E-01        3.39890291E-01        3.48157245E-01    
    2.08333333E-01        1.66666667E-01        3.08231395E-01        2.93167092E-01    
    2.50000000E-01        1.66666667E-01        2.60720976E-01        2.08258990E-01    
    2.91666667E-01        1.66666667E-01        1.85848245E-01        1.01375364E-01    
    3.33333333E-01        1.66666667E-01        7.63784128E-02        9.30149822E-02    
    3.75000000E-01        1.66666667E-01       -6.73860333E-02        2.03187029E-01    
    4.16666667E-01        1.66666667E-01       -2.37820070E-01        2.90988162E-01    
    4.58333333E-01        1.66666667E-01       -4.21499074E-01        3.33138472E-01    
    5.00000000E-01        1.66666667E-01       -5.99269195E-01        3.28554834E-01    
   -5.00000000E-01        2.08333333E-01       -4.33279876E-01        3.63065271E-01    
   -4.58333333E-01        2.08333333E-01       -5.50957211E-01        3.35960062E-01    
   -4.16666667E-01        2.08333333E-01       -6.31411309E-01        2.82967863E-01    
   -3.75000000E-01        2.08333333E-01       -6.55728080E-01        2.23525447E-01    
   -3.33333333E-01        2.08333333E-01       -6.15425693E-01        1.72023691E-01    
   -2.91666667E-01        2.08333333E-01       -5.17918281E-01        1.30089533E-01    
   -2.50000000E-01        2.08333333E-01       -3.82419650E-01        1.24882703E-01    
   -2.08333333E-01        2.08333333E-01       -2.30770857E-01        1.80616619E-01    
   -1.66666667E-01        2.08333333E-01       -8.13344349E-02        2.48861442E-01    
   -1.25000000E-01        2.08333333E-01        5.16687179E-02        2.99748341E-01    
   -8.33333333E-02        2.08333333E-01        1.57397983E-01        3.35989510E-01    
   -4.16666667E-02        2.08333333E-01        2.29988894E-01        3.67053994E-01    
    0.00000000E+00        2.08333333E-01        2.71314065E-01        3.90617992E-01    
    4.16666667E-02        2.08333333E-01        2.90654567E-01        3.97069628E-01    
    8.33333333E-02        2.08333333E-01        2.99562725E-01        3.80394448E-01    
    1.25000000E-01        2.08333333E-01        3.05049604E-01        3.42691590E-01    
    1.66666667E-01        2.08333333E-01        3.05814684E-01        2.93062528E-01    
    2.08333333E-01        2.08333333E-01        2.93571366E-01        2.37160893E-01    
    2.50000000E-01        2.08333333E-01        2.57961482E-01        1.67253190E-01    
    2.91666667E-01        2.08333333E-01        1.92064620E-01        8.21178045E-02    
    3.33333333E-01        2.08333333E-01        9.58801084E-02        9.42316123E-02    
    3.75000000E-01        2.08333333E-01       -2.40083831E-02        2.03677918E-01    
    4.16666667E-01        2.08333333E-01       -1.58187036E-01        2.97374134E-01    
    4.58333333E-01        2.08333333E-01       -2.97741909E-01        3.51877322E-01    
    5.00000000E-01        2.08333333E-01       -4.33279876E-01        3.63065271E-01    
   -5.00000000E-01        2.50000000E-01       -2.56210987E-01        3.74347634E-01    
   -4.58333333E-01        2.50000000E-01       -3.31606722E-01        3.63512347E-01    
   -4.16666667E-01        2.50000000E-01       -3.93935351E-01        3.31209265E-01    
   -3.75000000E-01        2.50000000E-01       -4.28033535E-01        2.85694080E-01    
   -3.33333333E-01        2.50000000E-01       -4.21599222E-01        2.21622943E-01    
   -2.91666667E-01        2.50000000E-01       -3.73058845E-01        1.26158268E-01    
   -2.50000000E-01        2.50000000E-01       -2.91926575E-01        1.00009997E-04    
   -2.08333333E-01        2.50000000E-01       -1.93234757E-01        1.35006045E-01    
   -1.66666667E-01        2.50000000E-01       -9.20457717E-02        2.50392741E-01    
   -1.25000000E-01        2.50000000E-01       -8.49122872E-04        3.30463666E-01    
   -8.33333333E-02        2.50000000E-01        7.18216408E-02        3.77953331E-01    
   -4.16666667E-02        2.50000000E-01        1.23303155E-01        4.03031119E-01    
    0.00000000E+00        2.50000000E-01        1.57949556E-01        4.09813321E-01    
    4.16666667E-02        2.50000000E-01        1.84759423E-01        3.94085201E-01    
    8.33333333E-02        2.50000000E-01        2.11366635E-01        3.50140926E-01    
    1.25000000E-01        2.50000000E-01        2.38195883E-01        2.80862230E-01    
    1.66666667E-01        2.50000000E-01        2.57197211E-01        2.08039158E-01    
    2.08333333E-01        2.50000000E-01        2.56214301E-01        1.67021403E-01    
    2.50000000E-01        2.50000000E-01        2.26037732E-01        1.58457165E-01    
    2.91666667E-01        2.50000000E-01        1.65842465E-01        1.52432146E-01    
    3.33333333E-01        2.50000000E-01        8.40545738E-02        1.65368798E-01    
    3.75000000E-01        2.50000000E-01       -6.10929623E-03        2.23610604E-01    
    4.16666667E-01        2.50000000E-01       -9.40931455E-02        2.97858243E-01    
    4.58333333E-01        2.50000000E-01       -1.76806655E-01        3.53034591E-01    
    5.00000000E-01        2.50000000E-01       -2.56210987E-01        3.74347634E-01    
   -5.00000000E-01        2.91666667E-01       -7.79467432E-02        3.53147016E-01    
   -4.58333333E-01        2.91666667E-01       -1.06964950E-01        3.52470764E-01    
   -4.16666667E-01        2.91666667E-01       -1.47511228E-01        3.35414413E-01    
   -3.75000000E-01        2.91666667E-01       -1.88119041E-01        3.08417020E-01    
   -3.33333333E-01        2.91666667E-01       -2.12779407E-01        2.61588491E-01    
   -2.91666667E-01        2.91666667E-01       -2.11126844E-01        1.89397415E-01    
   -2.50000000E-01        2.91666667E-01       -1.83148326E-01        1.37086818E-01    
   -2.08333333E-01        2.91666667E-01       -1.37098896E-01        1.91089844E-01    
   -1.66666667E-01        2.91666667E-01       -8.46483171E-02        2.86122346E-01    
   -1.25000000E-01        2.91666667E-01       -3.65652825E-02        3.59951655E-01    
   -8.33333333E-02        2.91666667E-01        6.10882250E-04        4.02067236E-01    
   -4.16666667E-02        2.91666667E-01        2.69371858E-02        4.18063163E-01    
    0.00000000E+00        2.91666667E-01        4.90098924E-02        4.12338890E-01    
    4.16666667E-02        2.91666667E-01        7.58579246E-02        3.81539333E-01    
    8.33333333E-02        2.91666667E-01        1.12049831E-01        3.17407381E-01    
    1.25000000E-01        2.91666667E-01        1.52579677E-01        2.17262629E-01    
    1.66666667E-01        2.91666667E-01        1.83808574E-01        1.01305394E-01    
    2.08333333E-01        2.91666667E-01        1.90602550E-01        8.18587804E-02    
    2.50000000E-01        2.91666667E-01        1.65347662E-01        1.52359393E-01    
    2.91666667E-01        2.91666667E-01        1.13257726E-01        1.82491971E-01    
    3.33333333E-01        2.91666667E-01        5.06206376E-02        1.81265182E-01    
    3.75000000E-01        2.91666667E-01       -3.71962624E-03        2.03297382E-01    
    4.16666667E-01        2.91666667E-01       -3.92201384E-02        2.64425495E-01    
    4.58333333E-01        2.91666667E-01       -5.94471053E-02        3.23714529E-01    
    5.00000000E-01        2.91666667E-01       -7.79467432E-02        3.53147016E-01    
   -5.00000000E-01        3.33333333E-01        1.02092657E-01        2.97942841E-01    
   -4.58333333E-01        3.33333333E-01        1.13405611E-01        2.97711414E-01    
   -4.16666667E-01        3.33333333E-01        9.03654899E-02        2.91759348E-01    
   -3.75000000E-01        3.33333333E-01        4.21678200E-02        2.93374353E-01    
   -3.33333333E-01        3.33333333E-01       -1.13789045E-02        2.87818530E-01    
   -2.91666667E-01        3.33333333E-01       -5.22254488E-02        2.66955728E-01    
   -2.50000000E-01        3.33333333E-01       -7.25196901E-02        2.56462023E-01    
   -2.08333333E-01        3.33333333E-01       -7.52502394E-02        2.87309163E-01    
   -1.66666667E-01        3.33333333E-01       -6.96293645E-02        3.43140814E-01    
   -1.25000000E-01        3.33333333E-01       -6.51637904E-02        3.90389292E-01    
   -8.33333333E-02        3.33333333E-01       -6.66113868E-02        4.14835951E-01    
   -4.16666667E-02        3.33333333E-01       -7.11231732E-02        4.17551459E-01    
    0.00000000E+00        3.33333333E-01       -6.92558159E-02        4.02397254E-01    
    4.16666667E-02        3.33333333E-01       -5.07159873E-02        3.67194938E-01    
    8.33333333E-02        3.33333333E-01       -1.23443758E-02        3.02873814E-01    
    1.25000000E-01        3.33333333E-01        3.71414696E-02        2.04168252E-01    
    1.66666667E-01        3.33333333E-01        7.98866730E-02        9.22655393E-02    
    2.08333333E-01        3.33333333E-01        9.83413381E-02        9.40816856E-02    
    2.50000000E-01        3.33333333E-01        8.58647545E-02        1.65420766E-01    
    2.91666667E-01        3.33333333E-01        5.18937033E-02        1.81334369E-01    
    3.33333333E-01        3.33333333E-01        1.80175967E-02        1.41506784E-01    
    3.75000000E-01        3.33333333E-01        6.18326653E-03        1.22377156E-01    
    4.16666667E-01        3.33333333E-01        2.53153063E-02        1.91116214E-01    
    4.58333333E-01        3.33333333E-01        6.51483693E-02        2.64443839E-01    
    5.00000000E-01        3.33333333E-01        1.02092657E-01        2.97942841E-01    
   -5.00000000E-01        3.75000000E-01        2.83166134E-01        2.23633671E-01    
   -4.58333333E-01        3.75000000E-01        3.20138958E-01        2.03779531E-01    
   -4.16666667E-01        3.75000000E-01        3.04230570E-01        2.02944709E-01    
   -3.75000000E-01        3.75000000E-01        2.44490360E-01        2.47320660E-01    
   -3.33333333E-01        3.75000000E-01        1.64238787E-01        2.95573813E-01    
   -2.91666667E-01        3.75000000E-01        8.70589816E-02        3.22991464E-01    
   -2.50000000E-01        3.75000000E-01        2.58058681E-02        3.39546867E-01    
   -2.08333333E-01        3.75000000E-01       -1.96544292E-02        3.62464740E-01    
   -1.66666667E-01        3.75000000E-01       -5.75515637E-02        3.90835780E-01    
   -1.25000000E-01        3.75000000E-01       -9.67508699E-02        4.10625140E-01    
   -8.33333333E-02        3.75000000E-01       -1.40237750E-01        4.12494680E-01    
   -4.16666667E-02        3.75000000E-01       -1.81810556E-01        3.97656399E-01    
    0.00000000E+00        3.75000000E-01       -2.07955220E-01        3.73535679E-01    
    4.16666667E-02        3.75000000E-01       -2.05295192E-01        3.43849399E-01    
    8.33333333E-02        3.75000000E-01       -1.69984041E-01        3.02426738E-01    
    1.25000000E-01        3.75000000E-01       -1.12502513E-01        2.46008500E-01    
    1.66666667E-01        3.75000000E-01       -5.36017607E-02        1.99397253E-01    
    2.08333333E-01        3.75000000E-01       -1.31228450E-02        2.01647933E-01    
    2.50000000E-01        3.75000000E-01        1.73449272E-03        2.22892287E-01    
    2.91666667E-01        3.75000000E-01        1.46330989E-03        2.03109274E-01    
    3.33333333E-01        3.75000000E-01        8.87972048E-03        1.22364048E-01    
    3.75000000E-01        3.75000000E-01        4.53513045E-02        1.00009996E-04    
    4.16666667E-01        3.75000000E-01        1.16322501E-01        1.22399218E-01    
    4.58333333E-01        3.75000000E-01        2.05681228E-01        2.03309799E-01    
    5.00000000E-01        3.75000000E-01        2.83166134E-01        2.23633671E-01    
   -5.00000000E-01        4.16666667E-01        4.53277585E-01        1.65314511E-01    
   -4.58333333E-01        4.16666667E-01        4.96789791E-01        9.42314104E-02    
   -4.16666667E-01        4.16666667E-01        4.75687749E-01        9.25687762E-02    
   -3.75000000E-01        4.16666667E-01        4.00993757E-01        2.02611266E-01    
   -3.33333333E-01        4.16666667E-01        2.98454906E-01        2.97274061E-01    
   -2.91666667E-01        4.16666667E-01        1.94000474E-01        3.55570608E-01    
   -2.50000000E-01        4.16666667E-01        1.01874507E-01        3.86408294E-01    
   -2.08333333E-01        4.16666667E-01        2.20082720E-02        4.04623757E-01    
   -1.66666667E-01        4.16666667E-01       -5.44001022E-02        4.15227841E-01    
   -1.25000000E-01        4.16666667E-01       -1.36083777E-01        4.12477893E-01    
   -8.33333333E-02        4.16666667E-01       -2.24031742E-01        3.90054195E-01    
   -4.16666667E-02        4.16666667E-01       -3.07870243E-01        3.51212622E-01    
    0.00000000E+00        4.16666667E-01       -3.68599938E-01        3.12759175E-01    
    4.16666667E-02        4.16666667E-01       -3.87834960E-01        2.92753656E-01    
    8.33333333E-02        4.16666667E-01       -3.58892825E-01        2.87587870E-01    
    1.25000000E-01        4.16666667E-01       -2.92102323E-01        2.82728319E-01    
    1.66666667E-01        4.16666667E-01       -2.09993758E-01        2.81244861E-01    
    2.08333333E-01        4.16666667E-01       -1.34962689E-01        2.91105302E-01    
    2.50000000E-01        4.16666667E-01       -7.67899357E-02        2.94692175E-01    
    2.91666667E-01        4.16666667E-01       -2.75928653E-02        2.63048248E-01    
    3.33333333E-01        4.16666667E-01        3.21542879E-02        1.90602259E-01    
    3.75000000E-01        4.16666667E-01        1.19303267E-01        1.22295664E-01    
    4.16666667E-01        4.16666667E-01        2.34109071E-01        1.41499725E-01    
    4.58333333E-01        4.16666667E-01        3.56201099E-01        1.81252940E-01    
    5.00000000E-01        4.16666667E-01        4.53277585E-01        1.65314511E-01    
   -5.00000000E-01        4.58333333E-01        5.89908730E-01        1.52319782E-01    
   -4.58333333E-01        4.58333333E-01        6.22677948E-01        8.19621897E-02    
   -4.16666667E-01        4.58333333E-01        5.87353587E-01        1.01351162E-01    
   -3.75000000E-01        4.58333333E-01        4.98376100E-01        2.16487439E-01    
   -3.33333333E-01        4.58333333E-01        3.82068326E-01        3.14929247E-01    
   -2.91666667E-01        4.58333333E-01        2.62966292E-01        3.76902902E-01    
   -2.50000000E-01        4.58333333E-01        1.52933953E-01        4.07580454E-01    
   -2.08333333E-01        4.58333333E-01        4.93509119E-02        4.19137907E-01    
   -1.66666667E-01        4.58333333E-01       -5.83929471E-02        4.17443263E-01    
   -1.25000000E-01        4.58333333E-01       -1.79098380E-01        3.97840559E-01    
   -8.33333333E-02        4.58333333E-01       -3.11375540E-01        3.52054139E-01    
   -4.16666667E-02        4.58333333E-01       -4.39989035E-01        2.81964776E-01    
    0.00000000E+00        4.58333333E-01       -5.39467324E-01        2.15733480E-01    
    4.16666667E-02        4.58333333E-01       -5.85011604E-01        2.03494556E-01    
    8.33333333E-02        4.58333333E-01       -5.65320763E-01        2.41036801E-01    
    1.25000000E-01        4.58333333E-01       -4.88818145E-01        2.82020438E-01    
    1.66666667E-01        4.58333333E-01       -3.78787053E-01        3.13929266E-01    
    2.08333333E-01        4.58333333E-01       -2.60508575E-01        3.38496184E-01    
    2.50000000E-01        4.58333333E-01       -1.48254642E-01        3.45559624E-01    
    2.91666667E-01        4.58333333E-01       -3.99561162E-02        3.20198411E-01    
    3.33333333E-01        4.58333333E-01        7.68963816E-02        2.63077427E-01    
    3.75000000E-01        4.58333333E-01        2.11600200E-01        2.02976130E-01    
    4.16666667E-01        4.58333333E-01        3.58249783E-01        1.81254384E-01    
    4.58333333E-01        4.58333333E-01        4.94222893E-01        1.82460224E-01    
    5.00000000E-01        4.58333333E-01        5.89908730E-01        1.52319782E-01    
   -5.00000000E-01        5.00000000E-01        6.70132419E-01        1.58399670E-01    
   -4.58333333E-01        5.00000000E-01        6.82824657E-01        1.67145014E-01    
   -4.16666667E-01        5.00000000E-01        6.31770615E-01        2.08216809E-01    
   -3.75000000E-01        5.00000000E-01        5.35051473E-01        2.80703963E-01    
   -3.33333333E-01        5.00000000E-01        4.17381848E-01        3.49192086E-01    
   -2.91666667E-01        5.00000000E-01        2.98541504E-01        3.92526623E-01    
   -2.50000000E-01        5.00000000E-01        1.84980089E-01        4.10268109E-01    
   -2.08333333E-01        5.00000000E-01        6.96896641E-02        4.11661341E-01    
   -1.66666667E-01        5.00000000E-01       -6.03368696E-02        4.02065014E-01    
   -1.25000000E-01        5.00000000E-01       -2.13764159E-01        3.74741398E-01    
   -8.33333333E-02        5.00000000E-01       -3.86433807E-01        3.15838620E-01    
   -4.16666667E-02        5.00000000E-01       -5.58102138E-01        2.19720757E-01    
    0.00000000E+00        5.00000000E-01       -6.96877150E-01        1.07867228E-01    
    4.16666667E-02        5.00000000E-01       -7.71308639E-01        9.22030835E-02    
    8.33333333E-02        5.00000000E-01       -7.64527653E-01        1.75385612E-01    
    1.25000000E-01        5.00000000E-01       -6.81601262E-01        2.44381453E-01    
    1.66666667E-01        5.00000000E-01       -5.45415735E-01        2.97916966E-01    
    2.08333333E-01        5.00000000E-01       -3.84043754E-01        3.40487413E-01    
    2.50000000E-01        5.00000000E-01       -2.17376023E-01        3.61207010E-01    
    2.91666667E-01        5.00000000E-01       -5.10852990E-02        3.46812274E-01    
    3.33333333E-01        5.00000000E-01        1.18327240E-01        2.95422851E-01    
    3.75000000E-01        5.00000000E-01        2.91386177E-01        2.22925518E-01    
    4.16666667E-01        5.00000000E-01        4.56315622E-01        1.65273942E-01    
    4.58333333E-01        5.00000000E-01        5.90352372E-01        1.52339094E-01    
    5.00000000E-01        5.00000000E-01        6.70132419E-01        1.58399670E-01    
