Model dump (x mu nu), grid of 25x25=625 pts
Model parameter values (noise variance lengthscales [periods]): (1e-12, 999.99583, [1.0, 6.5066412], [999.99583, 1.0])
   -5.00000000E-01       -5.00000000E-01        7.12120385E-01        1.00000000E-06    
   -4.58333333E-01       -5.00000000E-01        8.06192475E-01        1.00000000E-06    
   -4.16666667E-01       -5.00000000E-01        8.45321297E-01        1.00000000E-06    
   -3.75000000E-01       -5.00000000E-01        8.26842984E-01        1.00000000E-06    
   -3.33333333E-01       -5.00000000E-01        7.52019183E-01        1.00000000E-06    
   -2.91666667E-01       -5.00000000E-01        6.25949912E-01        1.00000000E-06    
   -2.50000000E-01       -5.00000000E-01        4.57225653E-01        1.00000000E-06    
   -2.08333333E-01       -5.00000000E-01        2.57342543E-01        1.00000000E-06    
   -1.66666667E-01       -5.00000000E-01        3.99200911E-02        1.00000000E-06    
   -1.25000000E-01       -5.00000000E-01       -1.80225911E-01        1.00000000E-06    
   -8.33333333E-02       -5.00000000E-01       -3.88092671E-01        1.00000000E-06    
   -4.16666667E-02       -5.00000000E-01       -5.69513190E-01        1.00000000E-06    
    0.00000000E+00       -5.00000000E-01       -7.12122572E-01        1.00000000E-06    
    4.16666667E-02       -5.00000000E-01       -8.06201482E-01        1.00000000E-06    
    8.33333333E-02       -5.00000000E-01       -8.45338810E-01        1.00000000E-06    
    1.25000000E-01       -5.00000000E-01       -8.26868266E-01        1.00000000E-06    
    1.66666667E-01       -5.00000000E-01       -7.52049353E-01        1.00000000E-06    
    2.08333333E-01       -5.00000000E-01       -6.25980861E-01        1.00000000E-06    
    2.50000000E-01       -5.00000000E-01       -4.57253209E-01        1.00000000E-06    
    2.91666667E-01       -5.00000000E-01       -2.57363502E-01        1.00000000E-06    
    3.33333333E-01       -5.00000000E-01       -3.99329367E-02        1.00000000E-06    
    3.75000000E-01       -5.00000000E-01        1.80220666E-01        1.00000000E-06    
    4.16666667E-01       -5.00000000E-01        3.88092538E-01        1.00000000E-06    
    4.58333333E-01       -5.00000000E-01        5.69514228E-01        1.00000000E-06    
    5.00000000E-01       -5.00000000E-01        7.12120385E-01        1.00000000E-06    
   -5.00000000E-01       -4.58333333E-01        8.06195279E-01        1.00000000E-06    
   -4.58333333E-01       -4.58333333E-01        9.12694549E-01        1.00000000E-06    
   -4.16666667E-01       -4.58333333E-01        9.56992986E-01        1.00000000E-06    
   -3.75000000E-01       -4.58333333E-01        9.36074521E-01        1.00000000E-06    
   -3.33333333E-01       -4.58333333E-01        8.51367004E-01        1.00000000E-06    
   -2.91666667E-01       -4.58333333E-01        7.08643784E-01        1.00000000E-06    
   -2.50000000E-01       -4.58333333E-01        5.17630011E-01        1.00000000E-06    
   -2.08333333E-01       -4.58333333E-01        2.91340584E-01        1.00000000E-06    
   -1.66666667E-01       -4.58333333E-01        4.51944250E-02        1.00000000E-06    
   -1.25000000E-01       -4.58333333E-01       -2.04035243E-01        1.00000000E-06    
   -8.33333333E-02       -4.58333333E-01       -4.39363588E-01        1.00000000E-06    
   -4.16666667E-02       -4.58333333E-01       -6.44752060E-01        1.00000000E-06    
    0.00000000E+00       -4.58333333E-01       -8.06202258E-01        1.00000000E-06    
    4.16666667E-02       -4.58333333E-01       -9.12710710E-01        1.00000000E-06    
    8.33333333E-02       -4.58333333E-01       -9.57019059E-01        1.00000000E-06    
    1.25000000E-01       -4.58333333E-01       -9.36108440E-01        1.00000000E-06    
    1.66666667E-01       -4.58333333E-01       -8.51404538E-01        1.00000000E-06    
    2.08333333E-01       -4.58333333E-01       -7.08679814E-01        1.00000000E-06    
    2.50000000E-01       -4.58333333E-01       -5.17659966E-01        1.00000000E-06    
    2.91666667E-01       -4.58333333E-01       -2.91361582E-01        1.00000000E-06    
    3.33333333E-01       -4.58333333E-01       -4.52059022E-02        1.00000000E-06    
    3.75000000E-01       -4.58333333E-01        2.04031444E-01        1.00000000E-06    
    4.16666667E-01       -4.58333333E-01        4.39363626E-01        1.00000000E-06    
    4.58333333E-01       -4.58333333E-01        6.44750987E-01        1.00000000E-06    
    5.00000000E-01       -4.58333333E-01        8.06195279E-01        1.00000000E-06    
   -5.00000000E-01       -4.16666667E-01        8.45331268E-01        1.00000000E-06    
   -4.58333333E-01       -4.16666667E-01        9.57000136E-01        1.00000000E-06    
   -4.16666667E-01       -4.16666667E-01        1.00344932E+00        1.00000000E-06    
   -3.75000000E-01       -4.16666667E-01        9.81516197E-01        1.00000000E-06    
   -3.33333333E-01       -4.16666667E-01        8.92697592E-01        1.00000000E-06    
   -2.91666667E-01       -4.16666667E-01        7.43046759E-01        1.00000000E-06    
   -2.50000000E-01       -4.16666667E-01        5.42760704E-01        1.00000000E-06    
   -2.08333333E-01       -4.16666667E-01        3.05486066E-01        1.00000000E-06    
   -1.66666667E-01       -4.16666667E-01        4.73903568E-02        1.00000000E-06    
   -1.25000000E-01       -4.16666667E-01       -2.13938801E-01        1.00000000E-06    
   -8.33333333E-02       -4.16666667E-01       -4.60691921E-01        1.00000000E-06    
   -4.16666667E-02       -4.16666667E-01       -6.76051786E-01        1.00000000E-06    
    0.00000000E+00       -4.16666667E-01       -8.45340383E-01        1.00000000E-06    
    4.16666667E-02       -4.16666667E-01       -9.57019981E-01        1.00000000E-06    
    8.33333333E-02       -4.16666667E-01       -1.00347971E+00        1.00000000E-06    
    1.25000000E-01       -4.16666667E-01       -9.81553986E-01        1.00000000E-06    
    1.66666667E-01       -4.16666667E-01       -8.92737584E-01        1.00000000E-06    
    2.08333333E-01       -4.16666667E-01       -7.43083251E-01        1.00000000E-06    
    2.50000000E-01       -4.16666667E-01       -5.42789075E-01        1.00000000E-06    
    2.91666667E-01       -4.16666667E-01       -3.05503931E-01        1.00000000E-06    
    3.33333333E-01       -4.16666667E-01       -4.73980661E-02        1.00000000E-06    
    3.75000000E-01       -4.16666667E-01        2.13938321E-01        1.00000000E-06    
    4.16666667E-01       -4.16666667E-01        4.60693867E-01        1.00000000E-06    
    4.58333333E-01       -4.16666667E-01        6.76050624E-01        1.00000000E-06    
    5.00000000E-01       -4.16666667E-01        8.45331268E-01        1.00000000E-06    
   -5.00000000E-01       -3.75000000E-01        8.26861499E-01        1.00000000E-06    
   -4.58333333E-01       -3.75000000E-01        9.36090213E-01        1.00000000E-06    
   -4.16666667E-01       -3.75000000E-01        9.81524788E-01        1.00000000E-06    
   -3.75000000E-01       -3.75000000E-01        9.60071647E-01        1.00000000E-06    
   -3.33333333E-01       -3.75000000E-01        8.73194680E-01        1.00000000E-06    
   -2.91666667E-01       -3.75000000E-01        7.26814551E-01        1.00000000E-06    
   -2.50000000E-01       -3.75000000E-01        5.30905190E-01        1.00000000E-06    
   -2.08333333E-01       -3.75000000E-01        2.98814929E-01        1.00000000E-06    
   -1.66666667E-01       -3.75000000E-01        4.63580705E-02        1.00000000E-06    
   -1.25000000E-01       -3.75000000E-01       -2.09261878E-01        1.00000000E-06    
   -8.33333333E-02       -3.75000000E-01       -4.50624358E-01        1.00000000E-06    
   -4.16666667E-02       -3.75000000E-01       -6.61279443E-01        1.00000000E-06    
    0.00000000E+00       -3.75000000E-01       -8.26869746E-01        1.00000000E-06    
    4.16666667E-02       -3.75000000E-01       -9.36109597E-01        1.00000000E-06    
    8.33333333E-02       -3.75000000E-01       -9.81554405E-01        1.00000000E-06    
    1.25000000E-01       -3.75000000E-01       -9.60107711E-01        1.00000000E-06    
    1.66666667E-01       -3.75000000E-01       -8.73231613E-01        1.00000000E-06    
    2.08333333E-01       -3.75000000E-01       -7.26846626E-01        1.00000000E-06    
    2.50000000E-01       -3.75000000E-01       -5.30928124E-01        1.00000000E-06    
    2.91666667E-01       -3.75000000E-01       -2.98826951E-01        1.00000000E-06    
    3.33333333E-01       -3.75000000E-01       -4.63602501E-02        1.00000000E-06    
    3.75000000E-01       -3.75000000E-01        2.09265977E-01        1.00000000E-06    
    4.16666667E-01       -3.75000000E-01        4.50629550E-01        1.00000000E-06    
    4.58333333E-01       -3.75000000E-01        6.61280169E-01        1.00000000E-06    
    5.00000000E-01       -3.75000000E-01        8.26861499E-01        1.00000000E-06    
   -5.00000000E-01       -3.33333333E-01        7.52044302E-01        1.00000000E-06    
   -4.58333333E-01       -3.33333333E-01        8.51389344E-01        1.00000000E-06    
   -4.16666667E-01       -3.33333333E-01        8.92713010E-01        1.00000000E-06    
   -3.75000000E-01       -3.33333333E-01        8.73201683E-01        1.00000000E-06    
   -3.33333333E-01       -3.33333333E-01        7.94186645E-01        1.00000000E-06    
   -2.91666667E-01       -3.33333333E-01        6.61052541E-01        1.00000000E-06    
   -2.50000000E-01       -3.33333333E-01        4.82870506E-01        1.00000000E-06    
   -2.08333333E-01       -3.33333333E-01        2.71780869E-01        1.00000000E-06    
   -1.66666667E-01       -3.33333333E-01        4.21669986E-02        1.00000000E-06    
   -1.25000000E-01       -3.33333333E-01       -1.90324048E-01        1.00000000E-06    
   -8.33333333E-02       -3.33333333E-01       -4.09847727E-01        1.00000000E-06    
   -4.16666667E-02       -3.33333333E-01       -6.01442349E-01        1.00000000E-06    
    0.00000000E+00       -3.33333333E-01       -7.52049557E-01        1.00000000E-06    
    4.16666667E-02       -3.33333333E-01       -8.51404910E-01        1.00000000E-06    
    8.33333333E-02       -3.33333333E-01       -8.92737559E-01        1.00000000E-06    
    1.25000000E-01       -3.33333333E-01       -8.73231339E-01        1.00000000E-06    
    1.66666667E-01       -3.33333333E-01       -7.94216101E-01        1.00000000E-06    
    2.08333333E-01       -3.33333333E-01       -6.61076626E-01        1.00000000E-06    
    2.50000000E-01       -3.33333333E-01       -4.82885630E-01        1.00000000E-06    
    2.91666667E-01       -3.33333333E-01       -2.71785907E-01        1.00000000E-06    
    3.33333333E-01       -3.33333333E-01       -4.21634448E-02        1.00000000E-06    
    3.75000000E-01       -3.33333333E-01        1.90332540E-01        1.00000000E-06    
    4.16666667E-01       -3.33333333E-01        4.09856243E-01        1.00000000E-06    
    4.58333333E-01       -3.33333333E-01        6.01445885E-01        1.00000000E-06    
    5.00000000E-01       -3.33333333E-01        7.52044302E-01        1.00000000E-06    
   -5.00000000E-01       -2.91666667E-01        6.25977443E-01        1.00000000E-06    
   -4.58333333E-01       -2.91666667E-01        7.08668656E-01        1.00000000E-06    
   -4.16666667E-01       -2.91666667E-01        7.43065088E-01        1.00000000E-06    
   -3.75000000E-01       -2.91666667E-01        7.26824938E-01        1.00000000E-06    
   -3.33333333E-01       -2.91666667E-01        6.61056268E-01        1.00000000E-06    
   -2.91666667E-01       -2.91666667E-01        5.50240807E-01        1.00000000E-06    
   -2.50000000E-01       -2.91666667E-01        4.01928704E-01        1.00000000E-06    
   -2.08333333E-01       -2.91666667E-01        2.26224896E-01        1.00000000E-06    
   -1.66666667E-01       -2.91666667E-01        3.51015952E-02        1.00000000E-06    
   -1.25000000E-01       -2.91666667E-01       -1.58416884E-01        1.00000000E-06    
   -8.33333333E-02       -2.91666667E-01       -3.41141716E-01        1.00000000E-06    
   -4.16666667E-02       -2.91666667E-01       -5.00618991E-01        1.00000000E-06    
    0.00000000E+00       -2.91666667E-01       -6.25979269E-01        1.00000000E-06    
    4.16666667E-02       -2.91666667E-01       -7.08678902E-01        1.00000000E-06    
    8.33333333E-02       -2.91666667E-01       -7.43082334E-01        1.00000000E-06    
    1.25000000E-01       -2.91666667E-01       -7.26845747E-01        1.00000000E-06    
    1.66666667E-01       -2.91666667E-01       -6.61076186E-01        1.00000000E-06    
    2.08333333E-01       -2.91666667E-01       -5.50255701E-01        1.00000000E-06    
    2.50000000E-01       -2.91666667E-01       -4.01935929E-01        1.00000000E-06    
    2.91666667E-01       -2.91666667E-01       -2.26223926E-01        1.00000000E-06    
    3.33333333E-01       -2.91666667E-01       -3.50940159E-02        1.00000000E-06    
    3.75000000E-01       -2.91666667E-01        1.58427859E-01        1.00000000E-06    
    4.16666667E-01       -2.91666667E-01        3.41152023E-01        1.00000000E-06    
    4.58333333E-01       -2.91666667E-01        5.00624665E-01        1.00000000E-06    
    5.00000000E-01       -2.91666667E-01        6.25977443E-01        1.00000000E-06    
   -5.00000000E-01       -2.50000000E-01        4.57251006E-01        1.00000000E-06    
   -4.58333333E-01       -2.50000000E-01        5.17652924E-01        1.00000000E-06    
   -4.16666667E-01       -2.50000000E-01        5.42777700E-01        1.00000000E-06    
   -3.75000000E-01       -2.50000000E-01        5.30915083E-01        1.00000000E-06    
   -3.33333333E-01       -2.50000000E-01        4.82874533E-01        1.00000000E-06    
   -2.91666667E-01       -2.50000000E-01        4.01929498E-01        1.00000000E-06    
   -2.50000000E-01       -2.50000000E-01        2.93594571E-01        1.00000000E-06    
   -2.08333333E-01       -2.50000000E-01        1.65250584E-01        1.00000000E-06    
   -1.66666667E-01       -2.50000000E-01        2.56426364E-02        1.00000000E-06    
   -1.25000000E-01       -2.50000000E-01       -1.15715293E-01        1.00000000E-06    
   -8.33333333E-02       -2.50000000E-01       -2.49188846E-01        1.00000000E-06    
   -4.16666667E-02       -2.50000000E-01       -3.65680539E-01        1.00000000E-06    
    0.00000000E+00       -2.50000000E-01       -4.57250559E-01        1.00000000E-06    
    4.16666667E-02       -2.50000000E-01       -5.17658329E-01        1.00000000E-06    
    8.33333333E-02       -2.50000000E-01       -5.42787739E-01        1.00000000E-06    
    1.25000000E-01       -2.50000000E-01       -5.30927153E-01        1.00000000E-06    
    1.66666667E-01       -2.50000000E-01       -4.82885427E-01        1.00000000E-06    
    2.08333333E-01       -2.50000000E-01       -4.01936402E-01        1.00000000E-06    
    2.50000000E-01       -2.50000000E-01       -2.93595887E-01        1.00000000E-06    
    2.91666667E-01       -2.50000000E-01       -1.65246272E-01        1.00000000E-06    
    3.33333333E-01       -2.50000000E-01       -2.56340825E-02        1.00000000E-06    
    3.75000000E-01       -2.50000000E-01        1.15725710E-01        1.00000000E-06    
    4.16666667E-01       -2.50000000E-01        2.49198309E-01        1.00000000E-06    
    4.58333333E-01       -2.50000000E-01        3.65686405E-01        1.00000000E-06    
    5.00000000E-01       -2.50000000E-01        4.57251006E-01        1.00000000E-06    
   -5.00000000E-01       -2.08333333E-01        2.57362440E-01        1.00000000E-06    
   -4.58333333E-01       -2.08333333E-01        2.91358369E-01        1.00000000E-06    
   -4.16666667E-01       -2.08333333E-01        3.05498803E-01        1.00000000E-06    
   -3.75000000E-01       -2.08333333E-01        2.98821767E-01        1.00000000E-06    
   -3.33333333E-01       -2.08333333E-01        2.71783099E-01        1.00000000E-06    
   -2.91666667E-01       -2.08333333E-01        2.26224916E-01        1.00000000E-06    
   -2.50000000E-01       -2.08333333E-01        1.65250375E-01        1.00000000E-06    
   -2.08333333E-01       -2.08333333E-01        9.30130688E-02        1.00000000E-06    
   -1.66666667E-01       -2.08333333E-01        1.44348961E-02        1.00000000E-06    
   -1.25000000E-01       -2.08333333E-01       -6.51289188E-02        1.00000000E-06    
   -8.33333333E-02       -2.08333333E-01       -1.40255027E-01        1.00000000E-06    
   -4.16666667E-02       -2.08333333E-01       -2.05822289E-01        1.00000000E-06    
    0.00000000E+00       -2.08333333E-01       -2.57361553E-01        1.00000000E-06    
    4.16666667E-02       -2.08333333E-01       -2.91360600E-01        1.00000000E-06    
    8.33333333E-02       -2.08333333E-01       -3.05503331E-01        1.00000000E-06    
    1.25000000E-01       -2.08333333E-01       -2.98827011E-01        1.00000000E-06    
    1.66666667E-01       -2.08333333E-01       -2.71787225E-01        1.00000000E-06    
    2.08333333E-01       -2.08333333E-01       -2.26226472E-01        1.00000000E-06    
    2.50000000E-01       -2.08333333E-01       -1.65248739E-01        1.00000000E-06    
    2.91666667E-01       -2.08333333E-01       -9.30085384E-02        1.00000000E-06    
    3.33333333E-01       -2.08333333E-01       -1.44284607E-02        1.00000000E-06    
    3.75000000E-01       -2.08333333E-01        6.51359022E-02        1.00000000E-06    
    4.16666667E-01       -2.08333333E-01        1.40261116E-01        1.00000000E-06    
    4.58333333E-01       -2.08333333E-01        2.05826199E-01        1.00000000E-06    
    5.00000000E-01       -2.08333333E-01        2.57362440E-01        1.00000000E-06    
   -5.00000000E-01       -1.66666667E-01        3.99333954E-02        1.00000000E-06    
   -4.58333333E-01       -1.66666667E-01        4.52060341E-02        1.00000000E-06    
   -4.16666667E-01       -1.66666667E-01        4.73979675E-02        1.00000000E-06    
   -3.75000000E-01       -1.66666667E-01        4.63612547E-02        1.00000000E-06    
   -3.33333333E-01       -1.66666667E-01        4.21671865E-02        1.00000000E-06    
   -2.91666667E-01       -1.66666667E-01        3.51010256E-02        1.00000000E-06    
   -2.50000000E-01       -1.66666667E-01        2.56428911E-02        1.00000000E-06    
   -2.08333333E-01       -1.66666667E-01        1.44358837E-02        1.00000000E-06    
   -1.66666667E-01       -1.66666667E-01        2.24310022E-03        1.00000000E-06    
   -1.25000000E-01       -1.66666667E-01       -1.01040356E-02        1.00000000E-06    
   -8.33333333E-02       -1.66666667E-01       -2.17627725E-02        1.00000000E-06    
   -4.16666667E-02       -1.66666667E-01       -3.19372399E-02        1.00000000E-06    
    0.00000000E+00       -1.66666667E-01       -3.99334300E-02        1.00000000E-06    
    4.16666667E-02       -1.66666667E-01       -4.52067974E-02        1.00000000E-06    
    8.33333333E-02       -1.66666667E-01       -4.73991008E-02        1.00000000E-06    
    1.25000000E-01       -1.66666667E-01       -4.63621567E-02        1.00000000E-06    
    1.66666667E-01       -1.66666667E-01       -4.21672563E-02        1.00000000E-06    
    2.08333333E-01       -1.66666667E-01       -3.50999673E-02        1.00000000E-06    
    2.50000000E-01       -1.66666667E-01       -2.56408543E-02        1.00000000E-06    
    2.91666667E-01       -1.66666667E-01       -1.44333419E-02        1.00000000E-06    
    3.33333333E-01       -1.66666667E-01       -2.24058005E-03        1.00000000E-06    
    3.75000000E-01       -1.66666667E-01        1.01061564E-02        1.00000000E-06    
    4.16666667E-01       -1.66666667E-01        2.17642848E-02        1.00000000E-06    
    4.58333333E-01       -1.66666667E-01        3.19380157E-02        1.00000000E-06    
    5.00000000E-01       -1.66666667E-01        3.99333954E-02        1.00000000E-06    
   -5.00000000E-01       -1.25000000E-01       -1.80218457E-01        1.00000000E-06    
   -4.58333333E-01       -1.25000000E-01       -2.04029023E-01        1.00000000E-06    
   -4.16666667E-01       -1.25000000E-01       -2.13935477E-01        1.00000000E-06    
   -3.75000000E-01       -1.25000000E-01       -2.09261427E-01        1.00000000E-06    
   -3.33333333E-01       -1.25000000E-01       -1.90324852E-01        1.00000000E-06    
   -2.91666667E-01       -1.25000000E-01       -1.58416796E-01        1.00000000E-06    
   -2.50000000E-01       -1.25000000E-01       -1.15713053E-01        1.00000000E-06    
   -2.08333333E-01       -1.25000000E-01       -6.51250768E-02        1.00000000E-06    
   -1.66666667E-01       -1.25000000E-01       -1.01007916E-02        1.00000000E-06    
   -1.25000000E-01       -1.25000000E-01        4.56106477E-02        1.00000000E-06    
   -8.33333333E-02       -1.25000000E-01        9.82139638E-02        1.00000000E-06    
   -4.16666667E-02       -1.25000000E-01        1.44125609E-01        1.00000000E-06    
    0.00000000E+00       -1.25000000E-01        1.80217260E-01        1.00000000E-06    
    4.16666667E-02       -1.25000000E-01        2.04028758E-01        1.00000000E-06    
    8.33333333E-02       -1.25000000E-01        2.13936093E-01        1.00000000E-06    
    1.25000000E-01       -1.25000000E-01        2.09262782E-01        1.00000000E-06    
    1.66666667E-01       -1.25000000E-01        1.90326667E-01        1.00000000E-06    
    2.08333333E-01       -1.25000000E-01        1.58418586E-01        1.00000000E-06    
    2.50000000E-01       -1.25000000E-01        1.15714198E-01        1.00000000E-06    
    2.91666667E-01       -1.25000000E-01        6.51250671E-02        1.00000000E-06    
    3.33333333E-01       -1.25000000E-01        1.00995089E-02        1.00000000E-06    
    3.75000000E-01       -1.25000000E-01       -4.56128373E-02        1.00000000E-06    
    4.16666667E-01       -1.25000000E-01       -9.82163897E-02        1.00000000E-06    
    4.58333333E-01       -1.25000000E-01       -1.44127619E-01        1.00000000E-06    
    5.00000000E-01       -1.25000000E-01       -1.80218457E-01        1.00000000E-06    
   -5.00000000E-01       -8.33333333E-02       -3.88089375E-01        1.00000000E-06    
   -4.58333333E-01       -8.33333333E-02       -4.39361099E-01        1.00000000E-06    
   -4.16666667E-01       -8.33333333E-02       -4.60691345E-01        1.00000000E-06    
   -3.75000000E-01       -8.33333333E-02       -4.50625271E-01        1.00000000E-06    
   -3.33333333E-01       -8.33333333E-02       -4.09848323E-01        1.00000000E-06    
   -2.91666667E-01       -8.33333333E-02       -3.41139889E-01        1.00000000E-06    
   -2.50000000E-01       -8.33333333E-02       -2.49183570E-01        1.00000000E-06    
   -2.08333333E-01       -8.33333333E-02       -1.40247207E-01        1.00000000E-06    
   -1.66666667E-01       -8.33333333E-02       -2.17549923E-02        1.00000000E-06    
   -1.25000000E-01       -8.33333333E-02        9.82187266E-02        1.00000000E-06    
   -8.33333333E-02       -8.33333333E-02        2.11499299E-01        1.00000000E-06    
   -4.16666667E-02       -8.33333333E-02        3.10368077E-01        1.00000000E-06    
    0.00000000E+00       -8.33333333E-02        3.88087726E-01        1.00000000E-06    
    4.16666667E-02       -8.33333333E-02        4.39361134E-01        1.00000000E-06    
    8.33333333E-02       -8.33333333E-02        4.60692743E-01        1.00000000E-06    
    1.25000000E-01       -8.33333333E-02        4.50627490E-01        1.00000000E-06    
    1.66666667E-01       -8.33333333E-02        4.09850662E-01        1.00000000E-06    
    2.08333333E-01       -8.33333333E-02        3.41141535E-01        1.00000000E-06    
    2.50000000E-01       -8.33333333E-02        2.49183749E-01        1.00000000E-06    
    2.91666667E-01       -8.33333333E-02        1.40245479E-01        1.00000000E-06    
    3.33333333E-01       -8.33333333E-02        2.17515094E-02        1.00000000E-06    
    3.75000000E-01       -8.33333333E-02       -9.82231988E-02        1.00000000E-06    
    4.16666667E-01       -8.33333333E-02       -2.11503668E-01        1.00000000E-06    
    4.58333333E-01       -8.33333333E-02       -3.10371360E-01        1.00000000E-06    
    5.00000000E-01       -8.33333333E-02       -3.88089375E-01        1.00000000E-06    
   -5.00000000E-01       -4.16666667E-02       -5.69512312E-01        1.00000000E-06    
   -4.58333333E-01       -4.16666667E-02       -6.44751684E-01        1.00000000E-06    
   -4.16666667E-01       -4.16666667E-02       -6.76052642E-01        1.00000000E-06    
   -3.75000000E-01       -4.16666667E-02       -6.61280831E-01        1.00000000E-06    
   -3.33333333E-01       -4.16666667E-02       -6.01442326E-01        1.00000000E-06    
   -2.91666667E-01       -4.16666667E-02       -5.00615463E-01        1.00000000E-06    
   -2.50000000E-01       -4.16666667E-02       -3.65672619E-01        1.00000000E-06    
   -2.08333333E-01       -4.16666667E-02       -2.05811098E-01        1.00000000E-06    
   -1.66666667E-01       -4.16666667E-02       -3.19256006E-02        1.00000000E-06    
   -1.25000000E-01       -4.16666667E-02        1.44134503E-01        1.00000000E-06    
   -8.33333333E-02       -4.16666667E-02        3.10372316E-01        1.00000000E-06    
   -4.16666667E-02       -4.16666667E-02        4.55460226E-01        1.00000000E-06    
    0.00000000E+00       -4.16666667E-02        5.69511157E-01        1.00000000E-06    
    4.16666667E-02       -4.16666667E-02        6.44752118E-01        1.00000000E-06    
    8.33333333E-02       -4.16666667E-02        6.76054238E-01        1.00000000E-06    
    1.25000000E-01       -4.16666667E-02        6.61282991E-01        1.00000000E-06    
    1.66666667E-01       -4.16666667E-02        6.01444366E-01        1.00000000E-06    
    2.08333333E-01       -4.16666667E-02        5.00616647E-01        1.00000000E-06    
    2.50000000E-01       -4.16666667E-02        3.65672298E-01        1.00000000E-06    
    2.91666667E-01       -4.16666667E-02        2.05808964E-01        1.00000000E-06    
    3.33333333E-01       -4.16666667E-02        3.19219132E-02        1.00000000E-06    
    3.75000000E-01       -4.16666667E-02       -1.44138924E-01        1.00000000E-06    
    4.16666667E-01       -4.16666667E-02       -3.10376393E-01        1.00000000E-06    
    4.58333333E-01       -4.16666667E-02       -4.55463055E-01        1.00000000E-06    
    5.00000000E-01       -4.16666667E-02       -5.69512312E-01        1.00000000E-06    
   -5.00000000E-01        0.00000000E+00       -7.12122651E-01        1.00000000E-06    
   -4.58333333E-01        0.00000000E+00       -8.06202732E-01        1.00000000E-06    
   -4.16666667E-01        0.00000000E+00       -8.45341858E-01        1.00000000E-06    
   -3.75000000E-01        0.00000000E+00       -8.26871424E-01        1.00000000E-06    
   -3.33333333E-01        0.00000000E+00       -7.52049448E-01        1.00000000E-06    
   -2.91666667E-01        0.00000000E+00       -6.25975275E-01        1.00000000E-06    
   -2.50000000E-01        0.00000000E+00       -4.57241829E-01        1.00000000E-06    
   -2.08333333E-01        0.00000000E+00       -2.57349264E-01        1.00000000E-06    
   -1.66666667E-01        0.00000000E+00       -3.99204645E-02        1.00000000E-06    
   -1.25000000E-01        0.00000000E+00        1.80227655E-01        1.00000000E-06    
   -8.33333333E-02        0.00000000E+00        3.88093591E-01        1.00000000E-06    
   -4.16666667E-02        0.00000000E+00        5.69512850E-01        1.00000000E-06    
    0.00000000E+00        0.00000000E+00        7.12122527E-01        1.00000000E-06    
    4.16666667E-02        0.00000000E+00        8.06203522E-01        1.00000000E-06    
    8.33333333E-02        0.00000000E+00        8.45343151E-01        1.00000000E-06    
    1.25000000E-01        0.00000000E+00        8.26872818E-01        1.00000000E-06    
    1.66666667E-01        0.00000000E+00        7.52050574E-01        1.00000000E-06    
    2.08333333E-01        0.00000000E+00        6.25975755E-01        1.00000000E-06    
    2.50000000E-01        0.00000000E+00        4.57241314E-01        1.00000000E-06    
    2.91666667E-01        0.00000000E+00        2.57347611E-01        1.00000000E-06    
    3.33333333E-01        0.00000000E+00        3.99179166E-02        1.00000000E-06    
    3.75000000E-01        0.00000000E+00       -1.80230471E-01        1.00000000E-06    
    4.16666667E-01        0.00000000E+00       -3.88095916E-01        1.00000000E-06    
    4.58333333E-01        0.00000000E+00       -5.69514137E-01        1.00000000E-06    
    5.00000000E-01        0.00000000E+00       -7.12122651E-01        1.00000000E-06    
   -5.00000000E-01        4.16666667E-02       -8.06201047E-01        1.00000000E-06    
   -4.58333333E-01        4.16666667E-02       -9.12710801E-01        1.00000000E-06    
   -4.16666667E-01        4.16666667E-02       -9.57021358E-01        1.00000000E-06    
   -3.75000000E-01        4.16666667E-02       -9.36111568E-01        1.00000000E-06    
   -3.33333333E-01        4.16666667E-02       -8.51405533E-01        1.00000000E-06    
   -2.91666667E-01        4.16666667E-02       -7.08676069E-01        1.00000000E-06    
   -2.50000000E-01        4.16666667E-02       -5.17651120E-01        1.00000000E-06    
   -2.08333333E-01        4.16666667E-02       -2.91350076E-01        1.00000000E-06    
   -1.66666667E-01        4.16666667E-02       -4.51957036E-02        1.00000000E-06    
   -1.25000000E-01        4.16666667E-02        2.04037301E-01        1.00000000E-06    
   -8.33333333E-02        4.16666667E-02        4.39365250E-01        1.00000000E-06    
   -4.16666667E-02        4.16666667E-02        6.44752186E-01        1.00000000E-06    
    0.00000000E+00        4.16666667E-02        8.06201977E-01        1.00000000E-06    
    4.16666667E-02        4.16666667E-02        9.12711771E-01        1.00000000E-06    
    8.33333333E-02        4.16666667E-02        9.57022013E-01        1.00000000E-06    
    1.25000000E-01        4.16666667E-02        9.36111780E-01        1.00000000E-06    
    1.66666667E-01        4.16666667E-02        8.51405355E-01        1.00000000E-06    
    2.08333333E-01        4.16666667E-02        7.08675576E-01        1.00000000E-06    
    2.50000000E-01        4.16666667E-02        5.17650328E-01        1.00000000E-06    
    2.91666667E-01        4.16666667E-02        2.91349020E-01        1.00000000E-06    
    3.33333333E-01        4.16666667E-02        4.51945711E-02        1.00000000E-06    
    3.75000000E-01        4.16666667E-02       -2.04038159E-01        1.00000000E-06    
    4.16666667E-01        4.16666667E-02       -4.39365494E-01        1.00000000E-06    
    4.58333333E-01        4.16666667E-02       -6.44751723E-01        1.00000000E-06    
    5.00000000E-01        4.16666667E-02       -8.06201047E-01        1.00000000E-06    
   -5.00000000E-01        8.33333333E-02       -8.45335938E-01        1.00000000E-06    
   -4.58333333E-01        8.33333333E-02       -9.57017068E-01        1.00000000E-06    
   -4.16666667E-01        8.33333333E-02       -1.00347977E+00        1.00000000E-06    
   -3.75000000E-01        8.33333333E-02       -9.81556106E-01        1.00000000E-06    
   -3.33333333E-01        8.33333333E-02       -8.92739098E-01        1.00000000E-06    
   -2.91666667E-01        8.33333333E-02       -7.43081577E-01        1.00000000E-06    
   -2.50000000E-01        8.33333333E-02       -5.42783591E-01        1.00000000E-06    
   -2.08333333E-01        8.33333333E-02       -3.05496574E-01        1.00000000E-06    
   -1.66666667E-01        8.33333333E-02       -4.73921580E-02        1.00000000E-06    
   -1.25000000E-01        8.33333333E-02        2.13940393E-01        1.00000000E-06    
   -8.33333333E-02        8.33333333E-02        4.60692727E-01        1.00000000E-06    
   -4.16666667E-02        8.33333333E-02        6.76050365E-01        1.00000000E-06    
    0.00000000E+00        8.33333333E-02        8.45337827E-01        1.00000000E-06    
    4.16666667E-02        8.33333333E-02        9.57018307E-01        1.00000000E-06    
    8.33333333E-02        8.33333333E-02        1.00347999E+00        1.00000000E-06    
    1.25000000E-01        8.33333333E-02        9.81555365E-01        1.00000000E-06    
    1.66666667E-01        8.33333333E-02        8.92737763E-01        1.00000000E-06    
    2.08333333E-01        8.33333333E-02        7.43080096E-01        1.00000000E-06    
    2.50000000E-01        8.33333333E-02        5.42782307E-01        1.00000000E-06    
    2.91666667E-01        8.33333333E-02        3.05495716E-01        1.00000000E-06    
    3.33333333E-01        8.33333333E-02        4.73919240E-02        1.00000000E-06    
    3.75000000E-01        8.33333333E-02       -2.13939831E-01        1.00000000E-06    
    4.16666667E-01        8.33333333E-02       -4.60691347E-01        1.00000000E-06    
    4.58333333E-01        8.33333333E-02       -6.76048447E-01        1.00000000E-06    
    5.00000000E-01        8.33333333E-02       -8.45335938E-01        1.00000000E-06    
   -5.00000000E-01        1.25000000E-01       -8.26860565E-01        1.00000000E-06    
   -4.58333333E-01        1.25000000E-01       -9.36102130E-01        1.00000000E-06    
   -4.16666667E-01        1.25000000E-01       -9.81550823E-01        1.00000000E-06    
   -3.75000000E-01        1.25000000E-01       -9.60107710E-01        1.00000000E-06    
   -3.33333333E-01        1.25000000E-01       -8.73232880E-01        1.00000000E-06    
   -2.91666667E-01        1.25000000E-01       -7.26846637E-01        1.00000000E-06    
   -2.50000000E-01        1.25000000E-01       -5.30926024E-01        1.00000000E-06    
   -2.08333333E-01        1.25000000E-01       -2.98824226E-01        1.00000000E-06    
   -1.66666667E-01        1.25000000E-01       -4.63596731E-02        1.00000000E-06    
   -1.25000000E-01        1.25000000E-01        2.09262547E-01        1.00000000E-06    
   -8.33333333E-02        1.25000000E-01        4.50623136E-01        1.00000000E-06    
   -4.16666667E-02        1.25000000E-01        6.61275075E-01        1.00000000E-06    
    0.00000000E+00        1.25000000E-01        8.26863684E-01        1.00000000E-06    
    4.16666667E-02        1.25000000E-01        9.36104362E-01        1.00000000E-06    
    8.33333333E-02        1.25000000E-01        9.81551639E-01        1.00000000E-06    
    1.25000000E-01        1.25000000E-01        9.60107104E-01        1.00000000E-06    
    1.66666667E-01        1.25000000E-01        8.73231288E-01        1.00000000E-06    
    2.08333333E-01        1.25000000E-01        7.26844677E-01        1.00000000E-06    
    2.50000000E-01        1.25000000E-01        5.30924269E-01        1.00000000E-06    
    2.91666667E-01        1.25000000E-01        2.98823135E-01        1.00000000E-06    
    3.33333333E-01        1.25000000E-01        4.63596053E-02        1.00000000E-06    
    3.75000000E-01        1.25000000E-01       -2.09261361E-01        1.00000000E-06    
    4.16666667E-01        1.25000000E-01       -4.50620740E-01        1.00000000E-06    
    4.58333333E-01        1.25000000E-01       -6.61271919E-01        1.00000000E-06    
    5.00000000E-01        1.25000000E-01       -8.26860565E-01        1.00000000E-06    
   -5.00000000E-01        1.66666667E-01       -7.52034679E-01        1.00000000E-06    
   -4.58333333E-01        1.66666667E-01       -8.51391812E-01        1.00000000E-06    
   -4.16666667E-01        1.66666667E-01       -8.92729242E-01        1.00000000E-06    
   -3.75000000E-01        1.66666667E-01       -8.73228137E-01        1.00000000E-06    
   -3.33333333E-01        1.66666667E-01       -7.94216059E-01        1.00000000E-06    
   -2.91666667E-01        1.66666667E-01       -6.61077277E-01        1.00000000E-06    
   -2.50000000E-01        1.66666667E-01       -4.82885923E-01        1.00000000E-06    
   -2.08333333E-01        1.66666667E-01       -2.71786970E-01        1.00000000E-06    
   -1.66666667E-01        1.66666667E-01       -4.21676519E-02        1.00000000E-06    
   -1.25000000E-01        1.66666667E-01        1.90323667E-01        1.00000000E-06    
   -8.33333333E-02        1.66666667E-01        4.09843930E-01        1.00000000E-06    
   -4.16666667E-02        1.66666667E-01        6.01434504E-01        1.00000000E-06    
    0.00000000E+00        1.66666667E-01        7.52039781E-01        1.00000000E-06    
    4.16666667E-02        1.66666667E-01        8.51396326E-01        1.00000000E-06    
    8.33333333E-02        1.66666667E-01        8.92732275E-01        1.00000000E-06    
    1.25000000E-01        1.66666667E-01        8.73229336E-01        1.00000000E-06    
    1.66666667E-01        1.66666667E-01        7.94215624E-01        1.00000000E-06    
    2.08333333E-01        1.66666667E-01        6.61075764E-01        1.00000000E-06    
    2.50000000E-01        1.66666667E-01        4.82884033E-01        1.00000000E-06    
    2.91666667E-01        1.66666667E-01        2.71785444E-01        1.00000000E-06    
    3.33333333E-01        1.66666667E-01        4.21672153E-02        1.00000000E-06    
    3.75000000E-01        1.66666667E-01       -1.90322438E-01        1.00000000E-06    
    4.16666667E-01        1.66666667E-01       -4.09840844E-01        1.00000000E-06    
    4.58333333E-01        1.66666667E-01       -6.01429947E-01        1.00000000E-06    
    5.00000000E-01        1.66666667E-01       -7.52034679E-01        1.00000000E-06    
   -5.00000000E-01        2.08333333E-01       -6.25958489E-01        1.00000000E-06    
   -4.58333333E-01        2.08333333E-01       -7.08659888E-01        1.00000000E-06    
   -4.16666667E-01        2.08333333E-01       -7.43068870E-01        1.00000000E-06    
   -3.75000000E-01        2.08333333E-01       -7.26838713E-01        1.00000000E-06    
   -3.33333333E-01        2.08333333E-01       -6.61073886E-01        1.00000000E-06    
   -2.91666667E-01        2.08333333E-01       -5.50255663E-01        1.00000000E-06    
   -2.50000000E-01        2.08333333E-01       -4.01936908E-01        1.00000000E-06    
   -2.08333333E-01        2.08333333E-01       -2.26226790E-01        1.00000000E-06    
   -1.66666667E-01        2.08333333E-01       -3.51009187E-02        1.00000000E-06    
   -1.25000000E-01        2.08333333E-01        1.58415492E-01        1.00000000E-06    
   -8.33333333E-02        2.08333333E-01        3.41135375E-01        1.00000000E-06    
   -4.16666667E-02        2.08333333E-01        5.00607958E-01        1.00000000E-06    
    0.00000000E+00        2.08333333E-01        6.25966449E-01        1.00000000E-06    
    4.16666667E-02        2.08333333E-01        7.08667961E-01        1.00000000E-06    
    8.33333333E-02        2.08333333E-01        7.43075618E-01        1.00000000E-06    
    1.25000000E-01        2.08333333E-01        7.26843196E-01        1.00000000E-06    
    1.66666667E-01        2.08333333E-01        6.61075834E-01        1.00000000E-06    
    2.08333333E-01        2.08333333E-01        5.50255402E-01        1.00000000E-06    
    2.50000000E-01        2.08333333E-01        4.01935213E-01        1.00000000E-06    
    2.91666667E-01        2.08333333E-01        2.26224759E-01        1.00000000E-06    
    3.33333333E-01        2.08333333E-01        3.50998206E-02        1.00000000E-06    
    3.75000000E-01        2.08333333E-01       -1.58414494E-01        1.00000000E-06    
    4.16666667E-01        2.08333333E-01       -3.41131618E-01        1.00000000E-06    
    4.58333333E-01        2.08333333E-01       -5.00601601E-01        1.00000000E-06    
    5.00000000E-01        2.08333333E-01       -6.25958489E-01        1.00000000E-06    
   -5.00000000E-01        2.50000000E-01       -4.57224777E-01        1.00000000E-06    
   -4.58333333E-01        2.50000000E-01       -5.17634343E-01        1.00000000E-06    
   -4.16666667E-01        2.50000000E-01       -5.42769919E-01        1.00000000E-06    
   -3.75000000E-01        2.50000000E-01       -5.30916703E-01        1.00000000E-06    
   -3.33333333E-01        2.50000000E-01       -4.82880705E-01        1.00000000E-06    
   -2.91666667E-01        2.50000000E-01       -4.01934787E-01        1.00000000E-06    
   -2.50000000E-01        2.50000000E-01       -2.93595898E-01        1.00000000E-06    
   -2.08333333E-01        2.50000000E-01       -1.65248584E-01        1.00000000E-06    
   -1.66666667E-01        2.50000000E-01       -2.56408046E-02        1.00000000E-06    
   -1.25000000E-01        2.50000000E-01        1.15713000E-01        1.00000000E-06    
   -8.33333333E-02        2.50000000E-01        2.49180471E-01        1.00000000E-06    
   -4.16666667E-02        2.50000000E-01        3.65667262E-01        1.00000000E-06    
    0.00000000E+00        2.50000000E-01        4.57235983E-01        1.00000000E-06    
    4.16666667E-02        2.50000000E-01        5.17646458E-01        1.00000000E-06    
    8.33333333E-02        2.50000000E-01        5.42780862E-01        1.00000000E-06    
    1.25000000E-01        2.50000000E-01        5.30924851E-01        1.00000000E-06    
    1.66666667E-01        2.50000000E-01        4.82885245E-01        1.00000000E-06    
    2.08333333E-01        2.50000000E-01        4.01935792E-01        1.00000000E-06    
    2.50000000E-01        2.50000000E-01        2.93594242E-01        1.00000000E-06    
    2.91666667E-01        2.50000000E-01        1.65245796E-01        1.00000000E-06    
    3.33333333E-01        2.50000000E-01        2.56387969E-02        1.00000000E-06    
    3.75000000E-01        2.50000000E-01       -1.15712381E-01        1.00000000E-06    
    4.16666667E-01        2.50000000E-01       -2.49176020E-01        1.00000000E-06    
    4.58333333E-01        2.50000000E-01       -3.65658884E-01        1.00000000E-06    
    5.00000000E-01        2.50000000E-01       -4.57224777E-01        1.00000000E-06    
   -5.00000000E-01        2.91666667E-01       -2.57333026E-01        1.00000000E-06    
   -4.58333333E-01        2.91666667E-01       -2.91334110E-01        1.00000000E-06    
   -4.16666667E-01        2.91666667E-01       -3.05483528E-01        1.00000000E-06    
   -3.75000000E-01        2.91666667E-01       -2.98815098E-01        1.00000000E-06    
   -3.33333333E-01        2.91666667E-01       -2.71781324E-01        1.00000000E-06    
   -2.91666667E-01        2.91666667E-01       -2.26223600E-01        1.00000000E-06    
   -2.50000000E-01        2.91666667E-01       -1.65247085E-01        1.00000000E-06    
   -2.08333333E-01        2.91666667E-01       -9.30086141E-02        1.00000000E-06    
   -1.66666667E-01        2.91666667E-01       -1.44324757E-02        1.00000000E-06    
   -1.25000000E-01        2.91666667E-01        6.51259947E-02        1.00000000E-06    
   -8.33333333E-02        2.91666667E-01        1.40245592E-01        1.00000000E-06    
   -4.16666667E-02        2.91666667E-01        2.05808230E-01        1.00000000E-06    
    0.00000000E+00        2.91666667E-01        2.57346896E-01        1.00000000E-06    
    4.16666667E-02        2.91666667E-01        2.91349391E-01        1.00000000E-06    
    8.33333333E-02        2.91666667E-01        3.05497524E-01        1.00000000E-06    
    1.25000000E-01        2.91666667E-01        2.98825604E-01        1.00000000E-06    
    1.66666667E-01        2.91666667E-01        2.71787131E-01        1.00000000E-06    
    2.08333333E-01        2.91666667E-01        2.26224675E-01        1.00000000E-06    
    2.50000000E-01        2.91666667E-01        1.65244520E-01        1.00000000E-06    
    2.91666667E-01        2.91666667E-01        9.30044159E-02        1.00000000E-06    
    3.33333333E-01        2.91666667E-01        1.44291696E-02        1.00000000E-06    
    3.75000000E-01        2.91666667E-01       -6.51259789E-02        1.00000000E-06    
    4.16666667E-01        2.91666667E-01       -1.40240653E-01        1.00000000E-06    
    4.58333333E-01        2.91666667E-01       -2.05798167E-01        1.00000000E-06    
    5.00000000E-01        2.91666667E-01       -2.57333026E-01        1.00000000E-06    
   -5.00000000E-01        3.33333333E-01       -3.99056224E-02        1.00000000E-06    
   -4.58333333E-01        3.33333333E-01       -4.51816383E-02        1.00000000E-06    
   -4.16666667E-01        3.33333333E-01       -4.73811583E-02        1.00000000E-06    
   -3.75000000E-01        3.33333333E-01       -4.63522655E-02        1.00000000E-06    
   -3.33333333E-01        3.33333333E-01       -4.21629769E-02        1.00000000E-06    
   -2.91666667E-01        3.33333333E-01       -3.50977192E-02        1.00000000E-06    
   -2.50000000E-01        3.33333333E-01       -2.56383664E-02        1.00000000E-06    
   -2.08333333E-01        3.33333333E-01       -1.44309563E-02        1.00000000E-06    
   -1.66666667E-01        3.33333333E-01       -2.24069985E-03        1.00000000E-06    
   -1.25000000E-01        3.33333333E-01        1.01010348E-02        1.00000000E-06    
   -8.33333333E-02        3.33333333E-01        2.17536522E-02        1.00000000E-06    
   -4.16666667E-02        3.33333333E-01        3.19241850E-02        1.00000000E-06    
    0.00000000E+00        3.33333333E-01        3.99205061E-02        1.00000000E-06    
    4.16666667E-02        3.33333333E-01        4.51977809E-02        1.00000000E-06    
    8.33333333E-02        3.33333333E-01        4.73954253E-02        1.00000000E-06    
    1.25000000E-01        3.33333333E-01        4.63621683E-02        1.00000000E-06    
    1.66666667E-01        3.33333333E-01        4.21672578E-02        1.00000000E-06    
    2.08333333E-01        3.33333333E-01        3.50965450E-02        1.00000000E-06    
    2.50000000E-01        3.33333333E-01        2.56332224E-02        1.00000000E-06    
    2.91666667E-01        3.33333333E-01        1.44243298E-02        1.00000000E-06    
    3.33333333E-01        3.33333333E-01        2.23555725E-03        1.00000000E-06    
    3.75000000E-01        3.33333333E-01       -1.01019813E-02        1.00000000E-06    
    4.16666667E-01        3.33333333E-01       -2.17487532E-02        1.00000000E-06    
    4.58333333E-01        3.33333333E-01       -3.19134394E-02        1.00000000E-06    
    5.00000000E-01        3.33333333E-01       -3.99056224E-02        1.00000000E-06    
   -5.00000000E-01        3.75000000E-01        1.80240400E-01        1.00000000E-06    
   -4.58333333E-01        3.75000000E-01        2.04048178E-01        1.00000000E-06    
   -4.16666667E-01        3.75000000E-01        2.13947647E-01        1.00000000E-06    
   -3.75000000E-01        3.75000000E-01        2.09266344E-01        1.00000000E-06    
   -3.33333333E-01        3.75000000E-01        1.90325530E-01        1.00000000E-06    
   -2.91666667E-01        3.75000000E-01        1.58417144E-01        1.00000000E-06    
   -2.50000000E-01        3.75000000E-01        1.15715298E-01        1.00000000E-06    
   -2.08333333E-01        3.75000000E-01        6.51285674E-02        1.00000000E-06    
   -1.66666667E-01        3.75000000E-01        1.01027674E-02        1.00000000E-06    
   -1.25000000E-01        3.75000000E-01       -4.56129515E-02        1.00000000E-06    
   -8.33333333E-02        3.75000000E-01       -9.82212819E-02        1.00000000E-06    
   -4.16666667E-02        3.75000000E-01       -1.44135942E-01        1.00000000E-06    
    0.00000000E+00        3.75000000E-01       -1.80226904E-01        1.00000000E-06    
    4.16666667E-02        3.75000000E-01       -2.04034439E-01        1.00000000E-06    
    8.33333333E-02        3.75000000E-01       -2.13936949E-01        1.00000000E-06    
    1.25000000E-01        3.75000000E-01       -2.09261010E-01        1.00000000E-06    
    1.66666667E-01        3.75000000E-01       -1.90326387E-01        1.00000000E-06    
    2.08333333E-01        3.75000000E-01       -1.58423440E-01        1.00000000E-06    
    2.50000000E-01        3.75000000E-01       -1.15724968E-01        1.00000000E-06    
    2.91666667E-01        3.75000000E-01       -6.51387036E-02        1.00000000E-06    
    3.33333333E-01        3.75000000E-01       -1.01102550E-02        1.00000000E-06    
    3.75000000E-01        3.75000000E-01        4.56106608E-02        1.00000000E-06    
    4.16666667E-01        3.75000000E-01        9.82254053E-02        1.00000000E-06    
    4.58333333E-01        3.75000000E-01        1.44145896E-01        1.00000000E-06    
    5.00000000E-01        3.75000000E-01        1.80240400E-01        1.00000000E-06    
   -5.00000000E-01        4.16666667E-01        3.88102946E-01        1.00000000E-06    
   -4.58333333E-01        4.16666667E-01        4.39371121E-01        1.00000000E-06    
   -4.16666667E-01        4.16666667E-01        4.60694029E-01        1.00000000E-06    
   -3.75000000E-01        4.16666667E-01        4.50620895E-01        1.00000000E-06    
   -3.33333333E-01        4.16666667E-01        4.09840531E-01        1.00000000E-06    
   -2.91666667E-01        4.16666667E-01        3.41133204E-01        1.00000000E-06    
   -2.50000000E-01        4.16666667E-01        2.49180716E-01        1.00000000E-06    
   -2.08333333E-01        4.16666667E-01        1.40247819E-01        1.00000000E-06    
   -1.66666667E-01        4.16666667E-01        2.17563354E-02        1.00000000E-06    
   -1.25000000E-01        4.16666667E-01       -9.82196638E-02        1.00000000E-06    
   -8.33333333E-02        4.16666667E-01       -2.11503727E-01        1.00000000E-06    
   -4.16666667E-02        4.16666667E-01       -3.10374618E-01        1.00000000E-06    
    0.00000000E+00        4.16666667E-01       -3.88093340E-01        1.00000000E-06    
    4.16666667E-02        4.16666667E-01       -4.39363149E-01        1.00000000E-06    
    8.33333333E-02        4.16666667E-01       -4.60690764E-01        1.00000000E-06    
    1.25000000E-01        4.16666667E-01       -4.50624005E-01        1.00000000E-06    
    1.66666667E-01        4.16666667E-01       -4.09849914E-01        1.00000000E-06    
    2.08333333E-01        4.16666667E-01       -3.41147160E-01        1.00000000E-06    
    2.50000000E-01        4.16666667E-01       -2.49196461E-01        1.00000000E-06    
    2.91666667E-01        4.16666667E-01       -1.40262153E-01        1.00000000E-06    
    3.33333333E-01        4.16666667E-01       -2.17663541E-02        1.00000000E-06    
    3.75000000E-01        4.16666667E-01        9.82158520E-02        1.00000000E-06    
    4.16666667E-01        4.16666667E-01        2.11506412E-01        1.00000000E-06    
    4.58333333E-01        4.16666667E-01        3.10382267E-01        1.00000000E-06    
    5.00000000E-01        4.16666667E-01        3.88102946E-01        1.00000000E-06    
   -5.00000000E-01        4.58333333E-01        5.69517095E-01        1.00000000E-06    
   -4.58333333E-01        4.58333333E-01        6.44751013E-01        1.00000000E-06    
   -4.16666667E-01        4.58333333E-01        6.76043418E-01        1.00000000E-06    
   -3.75000000E-01        4.58333333E-01        6.61264319E-01        1.00000000E-06    
   -3.33333333E-01        4.58333333E-01        6.01423281E-01        1.00000000E-06    
   -2.91666667E-01        4.58333333E-01        5.00599440E-01        1.00000000E-06    
   -2.50000000E-01        4.58333333E-01        3.65663094E-01        1.00000000E-06    
   -2.08333333E-01        4.58333333E-01        2.05808045E-01        1.00000000E-06    
   -1.66666667E-01        4.58333333E-01        3.19261565E-02        1.00000000E-06    
   -1.25000000E-01        4.58333333E-01       -1.44133886E-01        1.00000000E-06    
   -8.33333333E-02        4.58333333E-01       -3.10373656E-01        1.00000000E-06    
   -4.16666667E-02        4.58333333E-01       -4.55463036E-01        1.00000000E-06    
    0.00000000E+00        4.58333333E-01       -5.69513184E-01        1.00000000E-06    
    4.16666667E-02        4.58333333E-01       -6.44751234E-01        1.00000000E-06    
    8.33333333E-02        4.58333333E-01       -6.76050284E-01        1.00000000E-06    
    1.25000000E-01        4.58333333E-01       -6.61278417E-01        1.00000000E-06    
    1.66666667E-01        4.58333333E-01       -6.01443201E-01        1.00000000E-06    
    2.08333333E-01        4.58333333E-01       -5.00622292E-01        1.00000000E-06    
    2.50000000E-01        4.58333333E-01       -3.65685348E-01        1.00000000E-06    
    2.91666667E-01        4.58333333E-01       -2.05826390E-01        1.00000000E-06    
    3.33333333E-01        4.58333333E-01       -3.19382496E-02        1.00000000E-06    
    3.75000000E-01        4.58333333E-01        1.44128857E-01        1.00000000E-06    
    4.16666667E-01        4.58333333E-01        3.10374673E-01        1.00000000E-06    
    4.58333333E-01        4.58333333E-01        4.55467377E-01        1.00000000E-06    
    5.00000000E-01        4.58333333E-01        5.69517095E-01        1.00000000E-06    
   -5.00000000E-01        5.00000000E-01        7.12120385E-01        1.00000000E-06    
   -4.58333333E-01        5.00000000E-01        8.06192475E-01        1.00000000E-06    
   -4.16666667E-01        5.00000000E-01        8.45321297E-01        1.00000000E-06    
   -3.75000000E-01        5.00000000E-01        8.26842984E-01        1.00000000E-06    
   -3.33333333E-01        5.00000000E-01        7.52019183E-01        1.00000000E-06    
   -2.91666667E-01        5.00000000E-01        6.25949912E-01        1.00000000E-06    
   -2.50000000E-01        5.00000000E-01        4.57225653E-01        1.00000000E-06    
   -2.08333333E-01        5.00000000E-01        2.57342543E-01        1.00000000E-06    
   -1.66666667E-01        5.00000000E-01        3.99200911E-02        1.00000000E-06    
   -1.25000000E-01        5.00000000E-01       -1.80225911E-01        1.00000000E-06    
   -8.33333333E-02        5.00000000E-01       -3.88092671E-01        1.00000000E-06    
   -4.16666667E-02        5.00000000E-01       -5.69513190E-01        1.00000000E-06    
    0.00000000E+00        5.00000000E-01       -7.12122572E-01        1.00000000E-06    
    4.16666667E-02        5.00000000E-01       -8.06201482E-01        1.00000000E-06    
    8.33333333E-02        5.00000000E-01       -8.45338810E-01        1.00000000E-06    
    1.25000000E-01        5.00000000E-01       -8.26868266E-01        1.00000000E-06    
    1.66666667E-01        5.00000000E-01       -7.52049353E-01        1.00000000E-06    
    2.08333333E-01        5.00000000E-01       -6.25980861E-01        1.00000000E-06    
    2.50000000E-01        5.00000000E-01       -4.57253209E-01        1.00000000E-06    
    2.91666667E-01        5.00000000E-01       -2.57363502E-01        1.00000000E-06    
    3.33333333E-01        5.00000000E-01       -3.99329367E-02        1.00000000E-06    
    3.75000000E-01        5.00000000E-01        1.80220666E-01        1.00000000E-06    
    4.16666667E-01        5.00000000E-01        3.88092538E-01        1.00000000E-06    
    4.58333333E-01        5.00000000E-01        5.69514228E-01        1.00000000E-06    
    5.00000000E-01        5.00000000E-01        7.12120385E-01        1.00000000E-06    
