Model dump (x mu nu), grid of 25x25=625 pts
Model parameter values (noise variance lengthscales [periods]): (1e-12, 999.99997, [1.0, 5.9692717], [999.99997, 1.0])
   -5.00000000E-01       -5.00000000E-01        7.08070871E-01        1.05760530E-03    
   -4.58333333E-01       -5.00000000E-01        8.01611077E-01        4.43035790E-03    
   -4.16666667E-01       -5.00000000E-01        8.40521040E-01        9.18138661E-03    
   -3.75000000E-01       -5.00000000E-01        8.22150700E-01        1.38053754E-02    
   -3.33333333E-01       -5.00000000E-01        7.47753335E-01        1.74206988E-02    
   -2.91666667E-01       -5.00000000E-01        6.22399489E-01        1.93398708E-02    
   -2.50000000E-01       -5.00000000E-01        4.54631296E-01        1.93749978E-02    
   -2.08333333E-01       -5.00000000E-01        2.55880783E-01        1.78991181E-02    
   -1.66666667E-01       -5.00000000E-01        3.96914479E-02        1.54923711E-02    
   -1.25000000E-01       -5.00000000E-01       -1.79204242E-01        1.24369240E-02    
   -8.33333333E-02       -5.00000000E-01       -3.85888766E-01        8.67443567E-03    
   -4.16666667E-02       -5.00000000E-01       -5.66276428E-01        4.32015768E-03    
    0.00000000E+00       -5.00000000E-01       -7.08073652E-01        3.18508625E-04    
    4.16666667E-02       -5.00000000E-01       -8.01617048E-01        3.24694317E-03    
    8.33333333E-02       -5.00000000E-01       -8.40531992E-01        4.59853403E-03    
    1.25000000E-01       -5.00000000E-01       -8.22166869E-01        3.87877281E-03    
    1.66666667E-01       -5.00000000E-01       -7.47773461E-01        1.60856271E-03    
    2.08333333E-01       -5.00000000E-01       -6.22421375E-01        1.34104102E-03    
    2.50000000E-01       -5.00000000E-01       -4.54652499E-01        3.95867513E-03    
    2.91666667E-01       -5.00000000E-01       -2.55899140E-01        5.79503204E-03    
    3.33333333E-01       -5.00000000E-01       -3.97054306E-02        6.69833473E-03    
    3.75000000E-01       -5.00000000E-01        1.79195210E-01        6.66025067E-03    
    4.16666667E-01       -5.00000000E-01        3.85884033E-01        5.61258649E-03    
    4.58333333E-01       -5.00000000E-01        5.66274064E-01        3.48264962E-03    
    5.00000000E-01       -5.00000000E-01        7.08070871E-01        1.05760530E-03    
   -5.00000000E-01       -4.58333333E-01        8.01612803E-01        4.43684907E-03    
   -4.58333333E-01       -4.58333333E-01        9.07509869E-01        9.11903838E-03    
   -4.16666667E-01       -4.58333333E-01        9.51560511E-01        1.36778638E-02    
   -3.75000000E-01       -4.58333333E-01        9.30764366E-01        1.74784533E-02    
   -3.33333333E-01       -4.58333333E-01        8.46539817E-01        1.98613770E-02    
   -2.91666667E-01       -4.58333333E-01        7.04626773E-01        2.04190820E-02    
   -2.50000000E-01       -4.58333333E-01        5.14695520E-01        1.93215673E-02    
   -2.08333333E-01       -4.58333333E-01        2.89688241E-01        1.73511562E-02    
   -1.66666667E-01       -4.58333333E-01        4.49377234E-02        1.53393575E-02    
   -1.25000000E-01       -4.58333333E-01       -2.02877102E-01        1.33380257E-02    
   -8.33333333E-02       -4.58333333E-01       -4.36867796E-01        1.07131307E-02    
   -4.16666667E-02       -4.58333333E-01       -6.41087651E-01        7.15847344E-03    
    0.00000000E+00       -4.58333333E-01       -8.01618837E-01        3.22437152E-03    
    4.16666667E-02       -4.58333333E-01       -9.07521143E-01        1.06239916E-04    
    8.33333333E-02       -4.58333333E-01       -9.51577562E-01        1.56205772E-03    
    1.25000000E-01       -4.58333333E-01       -9.30785958E-01        1.11108163E-03    
    1.66666667E-01       -4.58333333E-01       -8.46563402E-01        1.01691512E-03    
    2.08333333E-01       -4.58333333E-01       -7.04649394E-01        3.69965410E-03    
    2.50000000E-01       -4.58333333E-01       -5.14714700E-01        6.06590077E-03    
    2.91666667E-01       -4.58333333E-01       -2.89702522E-01        7.40245996E-03    
    3.33333333E-01       -4.58333333E-01       -4.49468366E-02        7.41734606E-03    
    3.75000000E-01       -4.58333333E-01        2.02872265E-01        6.09798929E-03    
    4.16666667E-01       -4.58333333E-01        4.36865294E-01        3.56491212E-03    
    4.58333333E-01       -4.58333333E-01        6.41084792E-01        5.55777467E-04    
    5.00000000E-01       -4.58333333E-01        8.01612803E-01        4.43684907E-03    
   -5.00000000E-01       -4.16666667E-01        8.40526560E-01        9.20846568E-03    
   -4.58333333E-01       -4.16666667E-01        9.51563938E-01        1.36989898E-02    
   -4.16666667E-01       -4.16666667E-01        9.97753403E-01        1.74245846E-02    
   -3.75000000E-01       -4.16666667E-01        9.75948783E-01        1.98919641E-02    
   -3.33333333E-01       -4.16666667E-01        8.87636917E-01        2.06528677E-02    
   -2.91666667E-01       -4.16666667E-01        7.38835891E-01        1.95326789E-02    
   -2.50000000E-01       -4.16666667E-01        5.39685082E-01        1.69909677E-02    
   -2.08333333E-01       -4.16666667E-01        3.03754823E-01        1.42708714E-02    
   -1.66666667E-01       -4.16666667E-01        4.71223145E-02        1.26652060E-02    
   -1.25000000E-01       -4.16666667E-01       -2.12723633E-01        1.19309695E-02    
   -8.33333333E-02       -4.16666667E-01       -4.58074512E-01        1.06112980E-02    
   -4.16666667E-02       -4.16666667E-01       -6.72209317E-01        7.98252828E-03    
    0.00000000E+00       -4.16666667E-01       -8.40534462E-01        4.56754949E-03    
    4.16666667E-02       -4.16666667E-01       -9.51578535E-01        1.55250288E-03    
    8.33333333E-02       -4.16666667E-01       -9.97774050E-01        1.06797045E-04    
    1.25000000E-01       -4.16666667E-01       -9.75972994E-01        4.13530382E-04    
    1.66666667E-01       -4.16666667E-01       -8.87661151E-01        2.26936204E-03    
    2.08333333E-01       -4.16666667E-01       -7.38856727E-01        4.69954223E-03    
    2.50000000E-01       -4.16666667E-01       -5.39700232E-01        6.62540974E-03    
    2.91666667E-01       -4.16666667E-01       -3.03763621E-01        7.27472576E-03    
    3.33333333E-01       -4.16666667E-01       -4.71256691E-02        6.32800241E-03    
    3.75000000E-01       -4.16666667E-01        2.12723575E-01        3.85886410E-03    
    4.16666667E-01       -4.16666667E-01        4.58074820E-01        6.33022367E-04    
    4.58333333E-01       -4.16666667E-01        6.72206836E-01        4.46466142E-03    
    5.00000000E-01       -4.16666667E-01        8.40526560E-01        9.20846568E-03    
   -5.00000000E-01       -3.75000000E-01        8.22159871E-01        1.38437530E-02    
   -4.58333333E-01       -3.75000000E-01        9.30770856E-01        1.75149139E-02    
   -4.16666667E-01       -3.75000000E-01        9.75951612E-01        1.99108746E-02    
   -3.75000000E-01       -3.75000000E-01        9.54624577E-01        2.07510741E-02    
   -3.33333333E-01       -3.75000000E-01        8.68243725E-01        1.98242648E-02    
   -2.91666667E-01       -3.75000000E-01        7.22695192E-01        1.71010450E-02    
   -2.50000000E-01       -3.75000000E-01        5.27896463E-01        1.30985860E-02    
   -2.08333333E-01       -3.75000000E-01        2.97121250E-01        9.35369223E-03    
   -1.66666667E-01       -3.75000000E-01        4.60955938E-02        8.10322095E-03    
   -1.25000000E-01       -3.75000000E-01       -2.08073562E-01        8.79014348E-03    
   -8.33333333E-02       -3.75000000E-01       -4.48064382E-01        8.66472575E-03    
   -4.16666667E-02       -3.75000000E-01       -6.57521060E-01        6.78741752E-03    
    0.00000000E+00       -3.75000000E-01       -8.22168842E-01        3.82033584E-03    
    4.16666667E-02       -3.75000000E-01       -9.30786987E-01        1.07489106E-03    
    8.33333333E-02       -3.75000000E-01       -9.75973355E-01        4.12231280E-04    
    1.25000000E-01       -3.75000000E-01       -9.54648658E-01        9.89949979E-05    
    1.66666667E-01       -3.75000000E-01       -8.68266147E-01        1.78675928E-03    
    2.08333333E-01       -3.75000000E-01       -7.22712526E-01        3.96777163E-03    
    2.50000000E-01       -3.75000000E-01       -5.27906867E-01        5.45893824E-03    
    2.91666667E-01       -3.75000000E-01       -2.97124837E-01        5.48773796E-03    
    3.33333333E-01       -3.75000000E-01       -4.60941757E-02        3.84541132E-03    
    3.75000000E-01       -3.75000000E-01        2.08077052E-01        1.67004047E-03    
    4.16666667E-01       -3.75000000E-01        4.48066555E-01        4.63464017E-03    
    4.58333333E-01       -3.75000000E-01        6.57518753E-01        9.32555933E-03    
    5.00000000E-01       -3.75000000E-01        8.22159871E-01        1.38437530E-02    
   -5.00000000E-01       -3.33333333E-01        7.47764437E-01        1.74532411E-02    
   -4.58333333E-01       -3.33333333E-01        8.46547634E-01        1.98962993E-02    
   -4.16666667E-01       -3.33333333E-01        8.87640802E-01        2.06760472E-02    
   -3.75000000E-01       -3.33333333E-01        8.68244731E-01        1.98326757E-02    
   -3.33333333E-01       -3.33333333E-01        7.89681470E-01        1.74885881E-02    
   -2.91666667E-01       -3.33333333E-01        6.57304091E-01        1.37499763E-02    
   -2.50000000E-01       -3.33333333E-01        4.80132354E-01        8.92296618E-03    
   -2.08333333E-01       -3.33333333E-01        2.70238812E-01        4.03597220E-03    
   -1.66666667E-01       -3.33333333E-01        4.19267219E-02        3.15434386E-03    
   -1.25000000E-01       -3.33333333E-01       -1.89244560E-01        5.46300374E-03    
   -8.33333333E-02       -3.33333333E-01       -4.07520268E-01        5.94742017E-03    
   -4.16666667E-02       -3.33333333E-01       -5.98024424E-01        4.31969575E-03    
    0.00000000E+00       -3.33333333E-01       -7.47773993E-01        1.53312230E-03    
    4.16666667E-02       -3.33333333E-01       -8.46563710E-01        1.05254206E-03    
    8.33333333E-02       -3.33333333E-01       -8.87661359E-01        2.28681305E-03    
    1.25000000E-01       -3.33333333E-01       -8.68266306E-01        1.79363230E-03    
    1.66666667E-01       -3.33333333E-01       -7.89700231E-01        2.84192505E-04    
    2.08333333E-01       -3.33333333E-01       -6.57317083E-01        2.05646908E-03    
    2.50000000E-01       -3.33333333E-01       -4.80138392E-01        3.22869383E-03    
    2.91666667E-01       -3.33333333E-01       -2.70238672E-01        2.90178209E-03    
    3.33333333E-01       -3.33333333E-01       -4.19227090E-02        1.89244485E-03    
    3.75000000E-01       -3.33333333E-01        1.89249325E-01        4.44659394E-03    
    4.16666667E-01       -3.33333333E-01        4.07522560E-01        8.95495248E-03    
    4.58333333E-01       -3.33333333E-01        5.98021556E-01        1.36001690E-02    
    5.00000000E-01       -3.33333333E-01        7.47764437E-01        1.74532411E-02    
   -5.00000000E-01       -2.91666667E-01        6.22410404E-01        1.93557227E-02    
   -4.58333333E-01       -2.91666667E-01        7.04633993E-01        2.04384479E-02    
   -4.16666667E-01       -2.91666667E-01        7.38839069E-01        1.95452135E-02    
   -3.75000000E-01       -2.91666667E-01        7.22695581E-01        1.71054451E-02    
   -3.33333333E-01       -2.91666667E-01        6.57303602E-01        1.37510459E-02    
   -2.91666667E-01       -2.91666667E-01        5.47118373E-01        9.94518792E-03    
   -2.50000000E-01       -2.91666667E-01        3.99647270E-01        5.97704769E-03    
   -2.08333333E-01       -2.91666667E-01        2.24939006E-01        2.69948315E-03    
   -1.66666667E-01       -2.91666667E-01        3.48993683E-02        3.01147253E-03    
   -1.25000000E-01       -2.91666667E-01       -1.57520150E-01        4.33591972E-03    
   -8.33333333E-02       -2.91666667E-01       -3.39205471E-01        3.95868788E-03    
   -4.16666667E-02       -2.91666667E-01       -4.97774241E-01        1.94282447E-03    
    0.00000000E+00       -2.91666667E-01       -6.22420000E-01        1.48443895E-03    
    4.16666667E-02       -2.91666667E-01       -7.04648558E-01        3.76159482E-03    
    8.33333333E-02       -2.91666667E-01       -7.38856527E-01        4.72419928E-03    
    1.25000000E-01       -2.91666667E-01       -7.22712858E-01        3.97345203E-03    
    1.66666667E-01       -2.91666667E-01       -6.57317575E-01        2.06492584E-03    
    2.08333333E-01       -2.91666667E-01       -5.47126929E-01        3.63847343E-04    
    2.50000000E-01       -2.91666667E-01       -3.99649971E-01        1.08524868E-03    
    2.91666667E-01       -2.91666667E-01       -2.24937079E-01        1.17583706E-03    
    3.33333333E-01       -2.91666667E-01       -3.48951572E-02        3.29844384E-03    
    3.75000000E-01       -2.91666667E-01        1.57523914E-01        7.35052990E-03    
    4.16666667E-01       -2.91666667E-01        3.39206273E-01        1.20575851E-02    
    4.58333333E-01       -2.91666667E-01        4.97770234E-01        1.63666115E-02    
    5.00000000E-01       -2.91666667E-01        6.22410404E-01        1.93557227E-02    
   -5.00000000E-01       -2.50000000E-01        4.54640544E-01        1.93748443E-02    
   -4.58333333E-01       -2.50000000E-01        5.14701003E-01        1.93220224E-02    
   -4.16666667E-01       -2.50000000E-01        5.39686721E-01        1.69859139E-02    
   -3.75000000E-01       -2.50000000E-01        5.27895675E-01        1.30910785E-02    
   -3.33333333E-01       -2.50000000E-01        4.80131064E-01        8.92099690E-03    
   -2.91666667E-01       -2.50000000E-01        3.99646712E-01        5.98012275E-03    
   -2.50000000E-01       -2.50000000E-01        2.91925999E-01        5.14821166E-03    
   -2.08333333E-01       -2.50000000E-01        1.64308988E-01        5.46344124E-03    
   -1.66666667E-01       -2.50000000E-01        2.54926545E-02        5.61978799E-03    
   -1.25000000E-01       -2.50000000E-01       -1.15061967E-01        4.94405498E-03    
   -8.33333333E-02       -2.50000000E-01       -2.47775174E-01        3.24338383E-03    
   -4.16666667E-02       -2.50000000E-01       -3.63602091E-01        2.00257033E-03    
    0.00000000E+00       -2.50000000E-01       -4.54649337E-01        4.04297073E-03    
    4.16666667E-02       -2.50000000E-01       -5.14712750E-01        6.10563256E-03    
    8.33333333E-02       -2.50000000E-01       -5.39699710E-01        6.62480233E-03    
    1.25000000E-01       -2.50000000E-01       -5.27907636E-01        5.42761020E-03    
    1.66666667E-01       -2.50000000E-01       -4.80139907E-01        3.19201158E-03    
    2.08333333E-01       -2.50000000E-01       -3.99651307E-01        1.07249586E-03    
    2.50000000E-01       -2.50000000E-01       -2.91926577E-01        9.99857119E-05    
    2.91666667E-01       -2.50000000E-01       -1.64306953E-01        1.26514486E-03    
    3.33333333E-01       -2.50000000E-01       -2.54899875E-02        4.24414659E-03    
    3.75000000E-01       -2.50000000E-01        1.15063341E-01        8.53432966E-03    
    4.16666667E-01       -2.50000000E-01        2.47773772E-01        1.31906067E-02    
    4.58333333E-01       -2.50000000E-01        3.63597049E-01        1.71297369E-02    
    5.00000000E-01       -2.50000000E-01        4.54640544E-01        1.93748443E-02    
   -5.00000000E-01       -2.08333333E-01        2.55887897E-01        1.78932950E-02    
   -4.58333333E-01       -2.08333333E-01        2.89691913E-01        1.73412475E-02    
   -4.16666667E-01       -2.08333333E-01        3.03755192E-01        1.42533964E-02    
   -3.75000000E-01       -2.08333333E-01        2.97119852E-01        9.33463106E-03    
   -3.33333333E-01       -2.08333333E-01        2.70237563E-01        4.02789302E-03    
   -2.91666667E-01       -2.08333333E-01        2.24939002E-01        2.69946351E-03    
   -2.50000000E-01       -2.08333333E-01        1.64309821E-01        5.45292047E-03    
   -2.08333333E-01       -2.08333333E-01        9.24811527E-02        6.75698321E-03    
   -1.66666667E-01       -2.08333333E-01        1.43484268E-02        6.34876195E-03    
   -1.25000000E-01       -2.08333333E-01       -6.47625581E-02        4.63114078E-03    
   -8.33333333E-02       -2.08333333E-01       -1.39459318E-01        2.54711498E-03    
   -4.16666667E-02       -2.08333333E-01       -2.04650854E-01        3.26735612E-03    
    0.00000000E+00       -2.08333333E-01       -2.55894812E-01        5.79701082E-03    
    4.16666667E-02       -2.08333333E-01       -2.89699884E-01        7.38885987E-03    
    8.33333333E-02       -2.08333333E-01       -3.03763135E-01        7.21649784E-03    
    1.25000000E-01       -2.08333333E-01       -2.97126467E-01        5.36275502E-03    
    1.66666667E-01       -2.08333333E-01       -2.70241809E-01        2.69317730E-03    
    2.08333333E-01       -2.08333333E-01       -2.24940597E-01        9.12297644E-04    
    2.50000000E-01       -2.08333333E-01       -1.64309418E-01        1.20948478E-03    
    2.91666667E-01       -2.08333333E-01       -9.24800363E-02        8.45035214E-04    
    3.33333333E-01       -2.08333333E-01       -1.43479470E-02        3.33264384E-03    
    3.75000000E-01       -2.08333333E-01        6.47614441E-02        7.58689168E-03    
    4.16666667E-01       -2.08333333E-01        1.39456177E-01        1.21746161E-02    
    4.58333333E-01       -2.08333333E-01        2.04645672E-01        1.59507455E-02    
    5.00000000E-01       -2.08333333E-01        2.55887897E-01        1.78932950E-02    
   -5.00000000E-01       -1.66666667E-01        3.96966620E-02        1.54931246E-02    
   -4.58333333E-01       -1.66666667E-01        4.49401489E-02        1.53332347E-02    
   -4.16666667E-01       -1.66666667E-01        4.71222384E-02        1.26508613E-02    
   -3.75000000E-01       -1.66666667E-01        4.60946176E-02        8.08903710E-03    
   -3.33333333E-01       -1.66666667E-01        4.19267320E-02        3.15430317E-03    
   -2.91666667E-01       -1.66666667E-01        3.49013342E-02        2.99968374E-03    
   -2.50000000E-01       -1.66666667E-01        2.54959647E-02        5.58784639E-03    
   -2.08333333E-01       -1.66666667E-01        1.43511622E-02        6.31967674E-03    
   -1.66666667E-01       -1.66666667E-01        2.22707646E-03        5.16709352E-03    
   -1.25000000E-01       -1.66666667E-01       -1.00487370E-02        2.81592292E-03    
   -8.33333333E-02       -1.66666667E-01       -2.16385185E-02        1.81012262E-03    
   -4.16666667E-02       -1.66666667E-01       -3.17520798E-02        4.40269595E-03    
    0.00000000E+00       -1.66666667E-01       -3.97007993E-02        6.63531489E-03    
    4.16666667E-02       -1.66666667E-01       -4.49441157E-02        7.36002608E-03    
    8.33333333E-02       -1.66666667E-01       -4.71256702E-02        6.20861563E-03    
    1.25000000E-01       -1.66666667E-01       -4.60970708E-02        3.53411690E-03    
    1.66666667E-01       -1.66666667E-01       -4.19279278E-02        1.12263609E-03    
    2.08333333E-01       -1.66666667E-01       -3.49014560E-02        3.06001778E-03    
    2.50000000E-01       -1.66666667E-01       -2.54957064E-02        4.16737444E-03    
    2.91666667E-01       -1.66666667E-01       -1.43514166E-02        3.30370738E-03    
    3.33333333E-01       -1.66666667E-01       -2.22847407E-03        1.75097308E-03    
    3.75000000E-01       -1.66666667E-01        1.00460948E-02        4.82214689E-03    
    4.16666667E-01       -1.66666667E-01        2.16349613E-02        9.33481857E-03    
    4.58333333E-01       -1.66666667E-01        3.17480568E-02        1.32534975E-02    
    5.00000000E-01       -1.66666667E-01        3.96966620E-02        1.54931246E-02    
   -5.00000000E-01       -1.25000000E-01       -1.79200586E-01        1.24479306E-02    
   -4.58333333E-01       -1.25000000E-01       -2.02875417E-01        1.33418171E-02    
   -4.16666667E-01       -1.25000000E-01       -2.12723573E-01        1.19278454E-02    
   -3.75000000E-01       -1.25000000E-01       -2.08073520E-01        8.78997036E-03    
   -3.33333333E-01       -1.25000000E-01       -1.89242694E-01        5.47603623E-03    
   -2.91666667E-01       -1.25000000E-01       -1.57515581E-01        4.33742551E-03    
   -2.50000000E-01       -1.25000000E-01       -1.15055441E-01        4.91017132E-03    
   -2.08333333E-01       -1.25000000E-01       -6.47561687E-02        4.58191289E-03    
   -1.66666667E-01       -1.25000000E-01       -1.00448521E-02        2.78056417E-03    
   -1.25000000E-01       -1.25000000E-01        4.53513335E-02        1.00010155E-04    
   -8.33333333E-02       -1.25000000E-01        9.76583129E-02        2.98297307E-03    
   -4.16666667E-02       -1.25000000E-01        1.43311652E-01        5.40271402E-03    
    0.00000000E+00       -1.25000000E-01        1.79199378E-01        6.58540792E-03    
    4.16666667E-02       -1.25000000E-01        2.02874557E-01        6.04318750E-03    
    8.33333333E-02       -1.25000000E-01        2.12722783E-01        3.70431887E-03    
    1.25000000E-01       -1.25000000E-01        2.08072724E-01        7.37246441E-04    
    1.66666667E-01       -1.25000000E-01        1.89241916E-01        4.12846370E-03    
    2.08333333E-01       -1.25000000E-01        1.57514715E-01        7.20458455E-03    
    2.50000000E-01       -1.25000000E-01        1.15054182E-01        8.47092729E-03    
    2.91666667E-01       -1.25000000E-01        6.47542190E-02        7.56355788E-03    
    3.33333333E-01       -1.25000000E-01        1.00422250E-02        4.81576385E-03    
    3.75000000E-01       -1.25000000E-01       -4.53542207E-02        2.18024437E-03    
    4.16666667E-01       -1.25000000E-01       -9.76608760E-02        5.30061385E-03    
    4.58333333E-01       -1.25000000E-01       -1.43313519E-01        9.48286113E-03    
    5.00000000E-01       -1.25000000E-01       -1.79200586E-01        1.24479306E-02    
   -5.00000000E-01       -8.33333333E-02       -3.85886570E-01        8.68805212E-03    
   -4.58333333E-01       -8.33333333E-02       -4.36866809E-01        1.07197401E-02    
   -4.16666667E-01       -8.33333333E-02       -4.58074442E-01        1.06110482E-02    
   -3.75000000E-01       -8.33333333E-02       -4.48063680E-01        8.66647276E-03    
   -3.33333333E-01       -8.33333333E-02       -4.07517135E-01        5.96301716E-03    
   -2.91666667E-01       -8.33333333E-02       -3.39199059E-01        3.98519027E-03    
   -2.50000000E-01       -8.33333333E-02       -2.47766253E-01        3.25551105E-03    
   -2.08333333E-01       -8.33333333E-02       -1.39450029E-01        2.55411261E-03    
   -1.66666667E-01       -8.33333333E-02       -2.16313263E-02        1.85665225E-03    
   -1.25000000E-01       -8.33333333E-02        9.76618611E-02        3.01964213E-03    
   -8.33333333E-02       -8.33333333E-02        2.10300816E-01        4.83175784E-03    
   -4.16666667E-02       -8.33333333E-02        3.08609448E-01        5.88618133E-03    
    0.00000000E+00       -8.33333333E-02        3.85887359E-01        5.54838262E-03    
    4.16666667E-02       -8.33333333E-02        4.36866979E-01        3.54293634E-03    
    8.33333333E-02       -8.33333333E-02        4.58073265E-01        2.26715835E-04    
    1.25000000E-01       -8.33333333E-02        4.48061012E-01        4.48603469E-03    
    1.66666667E-01       -8.33333333E-02        4.07513330E-01        8.84036901E-03    
    2.08333333E-01       -8.33333333E-02        3.39194647E-01        1.19892933E-02    
    2.50000000E-01       -8.33333333E-02        2.47761708E-01        1.31669892E-02    
    2.91666667E-01       -8.33333333E-02        1.39445760E-01        1.21803848E-02    
    3.33333333E-01       -8.33333333E-02        2.16277962E-02        9.35325833E-03    
    3.75000000E-01       -8.33333333E-02       -9.76641665E-02        5.32310540E-03    
    4.16666667E-01       -8.33333333E-02       -2.10301641E-01        1.87361782E-03    
    4.58333333E-01       -8.33333333E-02       -3.08609059E-01        5.00686148E-03    
    5.00000000E-01       -8.33333333E-02       -3.85886570E-01        8.68805212E-03    
   -5.00000000E-01       -4.16666667E-02       -5.66275628E-01        4.32768984E-03    
   -4.58333333E-01       -4.16666667E-02       -6.41087576E-01        7.15849277E-03    
   -4.16666667E-01       -4.16666667E-02       -6.72209850E-01        7.97398382E-03    
   -3.75000000E-01       -4.16666667E-02       -6.57520775E-01        6.77672085E-03    
   -3.33333333E-01       -4.16666667E-02       -5.98021556E-01        4.32320029E-03    
   -2.91666667E-01       -4.16666667E-02       -4.97767885E-01        2.01182894E-03    
   -2.50000000E-01       -4.16666667E-02       -3.63592899E-01        2.12058389E-03    
   -2.08333333E-01       -4.16666667E-02       -2.04640844E-01        3.36684157E-03    
   -1.66666667E-01       -4.16666667E-02       -3.17436491E-02        4.48528908E-03    
   -1.25000000E-01       -4.16666667E-02        1.43316914E-01        5.45646266E-03    
   -8.33333333E-02       -4.16666667E-02        3.08611460E-01        5.90745261E-03    
   -4.16666667E-02       -4.16666667E-02        4.52875425E-01        5.31952994E-03    
    0.00000000E+00       -4.16666667E-02        5.66276693E-01        3.36342772E-03    
    4.16666667E-02       -4.16666667E-02        6.41086126E-01        1.08173637E-04    
    8.33333333E-02       -4.16666667E-02        6.72204943E-01        4.45133834E-03    
    1.25000000E-01       -4.16666667E-02        6.57512619E-01        9.29618591E-03    
    1.66666667E-01       -4.16666667E-02        5.98011327E-01        1.35728082E-02    
    2.08333333E-01       -4.16666667E-02        4.97757187E-01        1.63648167E-02    
    2.50000000E-01       -4.16666667E-02        3.63583242E-01        1.71608726E-02    
    2.91666667E-01       -4.16666667E-02        2.04633360E-01        1.60046169E-02    
    3.33333333E-01       -4.16666667E-02        3.17390139E-02        1.33124157E-02    
    3.75000000E-01       -4.16666667E-02       -1.43318566E-01        9.53485007E-03    
    4.16666667E-01       -4.16666667E-02       -3.08610696E-01        5.05082874E-03    
    4.58333333E-01       -4.16666667E-02       -4.52873585E-01        1.08190919E-03    
    5.00000000E-01       -4.16666667E-02       -5.66275628E-01        4.32768984E-03    
   -5.00000000E-01        0.00000000E+00       -7.08073600E-01        3.34449313E-04    
   -4.58333333E-01        0.00000000E+00       -8.01619460E-01        3.21889655E-03    
   -4.16666667E-01        0.00000000E+00       -8.40535941E-01        4.55137945E-03    
   -3.75000000E-01        0.00000000E+00       -8.22169934E-01        3.79485005E-03    
   -3.33333333E-01        0.00000000E+00       -7.47772948E-01        1.51021242E-03    
   -2.91666667E-01        0.00000000E+00       -6.22415757E-01        1.55846855E-03    
   -2.50000000E-01        0.00000000E+00       -4.54642273E-01        4.11676168E-03    
   -2.08333333E-01        0.00000000E+00       -2.55886627E-01        5.87342548E-03    
   -1.66666667E-01        0.00000000E+00       -3.96936326E-02        6.70372678E-03    
   -1.25000000E-01        0.00000000E+00        1.79204059E-01        6.63287773E-03    
   -8.33333333E-02        0.00000000E+00        3.85889410E-01        5.57038220E-03    
   -4.16666667E-02        0.00000000E+00        5.66277107E-01        3.36804150E-03    
    0.00000000E+00        0.00000000E+00        7.08073420E-01        9.99965131E-05    
    4.16666667E-02        0.00000000E+00        8.01614409E-01        4.33352315E-03    
    8.33333333E-02        0.00000000E+00        8.40525058E-01        9.18007550E-03    
    1.25000000E-01        0.00000000E+00        8.22154041E-01        1.38375779E-02    
    1.66666667E-01        0.00000000E+00        7.47754307E-01        1.74703801E-02    
    2.08333333E-01        0.00000000E+00        6.22397241E-01        1.94074800E-02    
    2.50000000E-01        0.00000000E+00        4.54626500E-01        1.94624639E-02    
    2.91666667E-01        0.00000000E+00        2.55875382E-01        1.80008073E-02    
    3.33333333E-01        0.00000000E+00        3.96876117E-02        1.55947022E-02    
    3.75000000E-01        0.00000000E+00       -1.79205336E-01        1.25257853E-02    
    4.16666667E-01        0.00000000E+00       -3.85887597E-01        8.74252365E-03    
    4.58333333E-01        0.00000000E+00       -5.66274811E-01        4.36770945E-03    
    5.00000000E-01        0.00000000E+00       -7.08073600E-01        3.34449313E-04    
   -5.00000000E-01        4.16666667E-02       -8.01615965E-01        3.24150817E-03    
   -4.58333333E-01        4.16666667E-02       -9.07521169E-01        1.06053556E-04    
   -4.16666667E-01        4.16666667E-02       -9.51580261E-01        1.54675908E-03    
   -3.75000000E-01        4.16666667E-02       -9.30789397E-01        1.07688253E-03    
   -3.33333333E-01        4.16666667E-02       -8.46565047E-01        1.10523364E-03    
   -2.91666667E-01        4.16666667E-02       -7.04647512E-01        3.80375331E-03    
   -2.50000000E-01        4.16666667E-02       -5.14709274E-01        6.15321918E-03    
   -2.08333333E-01        4.16666667E-02       -2.89695180E-01        7.43973611E-03    
   -1.66666667E-01        4.16666667E-02       -4.49398742E-02        7.40507115E-03    
   -1.25000000E-01        4.16666667E-02        2.02877160E-01        6.07242640E-03    
   -8.33333333E-02        4.16666667E-02        4.36867867E-01        3.55375166E-03    
   -4.16666667E-02        4.16666667E-02        6.41086128E-01        1.08173111E-04    
    0.00000000E+00        4.16666667E-02        8.01614412E-01        4.33402914E-03    
    4.16666667E-02        4.16666667E-02        9.07512538E-01        9.06329495E-03    
    8.33333333E-02        4.16666667E-02        9.51563650E-01        1.36721847E-02    
    1.25000000E-01        4.16666667E-02        9.30766268E-01        1.75172236E-02    
    1.66666667E-01        4.16666667E-02        8.46538703E-01        1.99366494E-02    
    2.08333333E-01        4.16666667E-02        7.04621993E-01        2.05255054E-02    
    2.50000000E-01        4.16666667E-02        5.14688177E-01        1.94518127E-02    
    2.91666667E-01        4.16666667E-02        2.89680819E-01        1.74884358E-02    
    3.33333333E-01        4.16666667E-02        4.49328839E-02        1.54591248E-02    
    3.75000000E-01        4.16666667E-02       -2.02877897E-01        1.34246348E-02    
    4.16666667E-01        4.16666667E-02       -4.36865047E-01        1.07684628E-02    
    4.58333333E-01        4.16666667E-02       -6.41083525E-01        7.19119482E-03    
    5.00000000E-01        4.16666667E-02       -8.01615965E-01        3.24150817E-03    
   -5.00000000E-01        8.33333333E-02       -8.40527045E-01        4.60290590E-03    
   -4.58333333E-01        8.33333333E-02       -9.51574570E-01        1.58152584E-03    
   -4.16666667E-01        8.33333333E-02       -9.97774090E-01        1.09692134E-04    
   -3.75000000E-01        8.33333333E-02       -9.75975671E-01        5.13813423E-04    
   -3.33333333E-01        8.33333333E-02       -8.87664165E-01        2.35126093E-03    
   -2.91666667E-01        8.33333333E-02       -7.38858197E-01        4.77409467E-03    
   -2.50000000E-01        8.33333333E-02       -5.39699659E-01        6.66709431E-03    
   -2.08333333E-01        8.33333333E-02       -3.03761930E-01        7.25243395E-03    
   -1.66666667E-01        8.33333333E-02       -4.71244049E-02        6.23449546E-03    
   -1.25000000E-01        8.33333333E-02        2.12723360E-01        3.71611408E-03    
   -8.33333333E-02        8.33333333E-02        4.58073260E-01        2.26716337E-04    
   -4.16666667E-02        8.33333333E-02        6.72205104E-01        4.45339144E-03    
    0.00000000E+00        8.33333333E-02        8.40525983E-01        9.17418060E-03    
    4.16666667E-02        8.33333333E-02        9.51564943E-01        1.36603768E-02    
    8.33333333E-02        8.33333333E-02        9.97755007E-01        1.74097881E-02    
    1.25000000E-01        8.33333333E-02        9.75948999E-01        1.99166952E-02    
    1.66666667E-01        8.33333333E-02        8.87633900E-01        2.07207548E-02    
    2.08333333E-01        8.33333333E-02        7.38829175E-01        1.96403342E-02    
    2.50000000E-01        8.33333333E-02        5.39676157E-01        1.71269667E-02    
    2.91666667E-01        8.33333333E-02        3.03746651E-01        1.44077060E-02    
    3.33333333E-01        8.33333333E-02        4.71179737E-02        1.27652536E-02    
    3.75000000E-01        8.33333333E-02       -2.12722468E-01        1.19866449E-02    
    4.16666667E-01        8.33333333E-02       -4.58068433E-01        1.06462563E-02    
    4.58333333E-01        8.33333333E-02       -6.72200911E-01        8.01616568E-03    
    5.00000000E-01        8.33333333E-02       -8.40527045E-01        4.60290590E-03    
   -5.00000000E-01        1.25000000E-01       -8.22155059E-01        4.05704878E-03    
   -4.58333333E-01        1.25000000E-01       -9.30777185E-01        1.48726086E-03    
   -4.16666667E-01        1.25000000E-01       -9.75968847E-01        6.66060337E-04    
   -3.75000000E-01        1.25000000E-01       -9.54648657E-01        9.88800902E-05    
   -3.33333333E-01        1.25000000E-01       -8.68268623E-01        1.83805642E-03    
   -2.91666667E-01        1.25000000E-01       -7.22715515E-01        4.02049728E-03    
   -2.50000000E-01        1.25000000E-01       -5.27909460E-01        5.46572272E-03    
   -2.08333333E-01        1.25000000E-01       -2.97127324E-01        5.38873832E-03    
   -1.66666667E-01        1.25000000E-01       -4.60973867E-02        3.54636978E-03    
   -1.25000000E-01        1.25000000E-01        2.08072702E-01        7.37246209E-04    
   -8.33333333E-02        1.25000000E-01        4.48061637E-01        4.49072729E-03    
   -4.16666667E-02        1.25000000E-01        6.57514616E-01        9.29179773E-03    
    0.00000000E+00        1.25000000E-01        8.22157762E-01        1.38127684E-02    
    4.16666667E-02        1.25000000E-01        9.30770952E-01        1.74757973E-02    
    8.33333333E-02        1.25000000E-01        9.75952628E-01        1.98812844E-02    
    1.25000000E-01        1.25000000E-01        9.54624298E-01        2.07504621E-02    
    1.66666667E-01        1.25000000E-01        8.68240250E-01        1.98628673E-02    
    2.08333333E-01        1.25000000E-01        7.22688205E-01        1.71788541E-02    
    2.50000000E-01        1.25000000E-01        5.27887781E-01        1.32047952E-02    
    2.91666667E-01        1.25000000E-01        2.97114237E-01        9.45627847E-03    
    3.33333333E-01        1.25000000E-01        4.60936788E-02        8.15445285E-03    
    3.75000000E-01        1.25000000E-01       -2.08068536E-01        8.81867762E-03    
    4.16666667E-01        1.25000000E-01       -4.48053116E-01        8.73150133E-03    
    4.58333333E-01        1.25000000E-01       -6.57506548E-01        6.92802029E-03    
    5.00000000E-01        1.25000000E-01       -8.22155059E-01        4.05704878E-03    
   -5.00000000E-01        1.66666667E-01       -7.47753028E-01        2.79062637E-03    
   -4.58333333E-01        1.66666667E-01       -8.46547078E-01        2.20119441E-03    
   -4.16666667E-01        1.66666667E-01       -8.87651022E-01        2.62120868E-03    
   -3.75000000E-01        1.66666667E-01       -8.68261990E-01        1.88344164E-03    
   -3.33333333E-01        1.66666667E-01       -7.89700179E-01        2.86320920E-04    
   -2.91666667E-01        1.66666667E-01       -6.57319313E-01        2.08992349E-03    
   -2.50000000E-01        1.66666667E-01       -4.80141693E-01        3.21717585E-03    
   -2.08333333E-01        1.66666667E-01       -2.70242829E-01        2.70732851E-03    
   -1.66666667E-01        1.66666667E-01       -4.19279604E-02        1.12263554E-03    
   -1.25000000E-01        1.66666667E-01        1.89243114E-01        4.13506079E-03    
   -8.33333333E-02        1.66666667E-01        4.07516361E-01        8.84357488E-03    
   -4.16666667E-02        1.66666667E-01        5.98016906E-01        1.35543460E-02    
    0.00000000E+00        1.66666667E-01        7.47762560E-01        1.74168303E-02    
    4.16666667E-02        1.66666667E-01        8.46548530E-01        1.98528047E-02    
    8.33333333E-02        1.66666667E-01        8.87642946E-01        2.06339237E-02    
    1.25000000E-01        1.66666667E-01        8.68245716E-01        1.98089744E-02    
    1.66666667E-01        1.66666667E-01        7.89679329E-01        1.74954636E-02    
    2.08333333E-01        1.66666667E-01        6.57298610E-01        1.37885098E-02    
    2.50000000E-01        1.66666667E-01        4.80125599E-01        8.98209712E-03    
    2.91666667E-01        1.66666667E-01        2.70234472E-01        4.08765833E-03    
    3.33333333E-01        1.66666667E-01        4.19285226E-02        3.16507890E-03    
    3.75000000E-01        1.66666667E-01       -1.89234619E-01        5.55873807E-03    
    4.16666667E-01        1.66666667E-01       -4.07502948E-01        6.22085651E-03    
    4.58333333E-01        1.66666667E-01       -5.98003031E-01        4.89700380E-03    
    5.00000000E-01        1.66666667E-01       -7.47753028E-01        2.79062637E-03    
   -5.00000000E-01        2.08333333E-01       -6.22392995E-01        3.42810483E-03    
   -4.58333333E-01        2.08333333E-01       -7.04625943E-01        4.62335387E-03    
   -4.16666667E-01        2.08333333E-01       -7.38840718E-01        5.12144154E-03    
   -3.75000000E-01        2.08333333E-01       -7.22703963E-01        4.14223788E-03    
   -3.33333333E-01        2.08333333E-01       -6.57314072E-01        2.10964447E-03    
   -2.91666667E-01        2.08333333E-01       -5.47126870E-01        3.63322348E-04    
   -2.50000000E-01        2.08333333E-01       -3.99651981E-01        1.08004373E-03    
   -2.08333333E-01        2.08333333E-01       -2.24940622E-01        9.12295775E-04    
   -1.66666667E-01        2.08333333E-01       -3.49000716E-02        3.06476694E-03    
   -1.25000000E-01        2.08333333E-01        1.57518148E-01        7.21312196E-03    
   -8.33333333E-02        2.08333333E-01        3.39200917E-01        1.19855427E-02    
   -4.16666667E-02        2.08333333E-01        4.97766966E-01        1.63272558E-02    
    0.00000000E+00        2.08333333E-01        6.22410431E-01        1.93209844E-02    
    4.16666667E-02        2.08333333E-01        7.04637173E-01        2.03957002E-02    
    8.33333333E-02        2.08333333E-01        7.38843681E-01        1.94989660E-02    
    1.25000000E-01        2.08333333E-01        7.22699037E-01        1.70700082E-02    
    1.66666667E-01        2.08333333E-01        6.57303845E-01        1.37392855E-02    
    2.08333333E-01        2.08333333E-01        5.47115226E-01        9.95903569E-03    
    2.50000000E-01        2.08333333E-01        3.99642961E-01        6.00259334E-03    
    2.91666667E-01        2.08333333E-01        2.24937467E-01        2.70903202E-03    
    3.33333333E-01        2.08333333E-01        3.49045747E-02        3.08249307E-03    
    3.75000000E-01        2.08333333E-01       -1.57506021E-01        4.61319219E-03    
    4.16666667E-01        2.08333333E-01       -3.39183148E-01        4.65798508E-03    
    4.58333333E-01        2.08333333E-01       -4.97747171E-01        3.58792346E-03    
    5.00000000E-01        2.08333333E-01       -6.22392995E-01        3.42810483E-03    
   -5.00000000E-01        2.50000000E-01       -4.54619564E-01        5.25517836E-03    
   -4.58333333E-01        2.50000000E-01       -5.14687086E-01        6.81268454E-03    
   -4.16666667E-01        2.50000000E-01       -5.39680765E-01        7.03538888E-03    
   -3.75000000E-01        2.50000000E-01       -5.27895727E-01        5.65820765E-03    
   -3.33333333E-01        2.50000000E-01       -4.80133676E-01        3.30614334E-03    
   -2.91666667E-01        2.50000000E-01       -3.99648888E-01        1.10296031E-03    
   -2.50000000E-01        2.50000000E-01       -2.91926577E-01        9.99851434E-05    
   -2.08333333E-01        2.50000000E-01       -1.64308729E-01        1.20861740E-03    
   -1.66666667E-01        2.50000000E-01       -2.54932119E-02        4.17155208E-03    
   -1.25000000E-01        2.50000000E-01        1.15059362E-01        8.47388639E-03    
   -8.33333333E-02        2.50000000E-01        2.47770434E-01        1.31506402E-02    
   -4.16666667E-02        2.50000000E-01        3.63596084E-01        1.71018489E-02    
    0.00000000E+00        2.50000000E-01        4.54643122E-01        1.93452640E-02    
    4.16666667E-02        2.50000000E-01        5.14706859E-01        1.92833683E-02    
    8.33333333E-02        2.50000000E-01        5.39693962E-01        1.69419881E-02    
    1.25000000E-01        2.50000000E-01        5.27901541E-01        1.30539796E-02    
    1.66666667E-01        2.50000000E-01        4.80133375E-01        8.90454867E-03    
    2.08333333E-01        2.50000000E-01        3.99645255E-01        5.99036084E-03    
    2.50000000E-01        2.50000000E-01        2.91923064E-01        5.16674541E-03    
    2.91666667E-01        2.50000000E-01        1.64308659E-01        5.48061331E-03    
    3.33333333E-01        2.50000000E-01        2.54991099E-02        5.69307996E-03    
    3.75000000E-01        2.50000000E-01       -1.15046347E-01        5.24366982E-03    
    4.16666667E-01        2.50000000E-01       -2.47750962E-01        4.16677072E-03    
    4.58333333E-01        2.50000000E-01       -3.63572672E-01        3.79043498E-03    
    5.00000000E-01        2.50000000E-01       -4.54619564E-01        5.25517836E-03    
   -5.00000000E-01        2.91666667E-01       -2.55866832E-01        6.53997977E-03    
   -4.58333333E-01        2.91666667E-01       -2.89675425E-01        7.90764547E-03    
   -4.16666667E-01        2.91666667E-01       -3.03744736E-01        7.58553957E-03    
   -3.75000000E-01        2.91666667E-01       -2.97114455E-01        5.64930507E-03    
   -3.33333333E-01        2.91666667E-01       -2.70234905E-01        2.96176011E-03    
   -2.91666667E-01        2.91666667E-01       -2.24937055E-01        1.17584334E-03    
   -2.50000000E-01        2.91666667E-01       -1.64307969E-01        1.26798948E-03    
   -2.08333333E-01        2.91666667E-01       -9.24801465E-02        8.37066940E-04    
   -1.66666667E-01        2.91666667E-01       -1.43493662E-02        3.29588584E-03    
   -1.25000000E-01        2.91666667E-01        6.47593640E-02        7.55353765E-03    
   -8.33333333E-02        2.91666667E-01        1.39454802E-01        1.21488052E-02    
   -4.16666667E-02        2.91666667E-01        2.04646701E-01        1.59281212E-02    
    0.00000000E+00        2.91666667E-01        2.55892441E-01        1.78660905E-02    
    4.16666667E-02        2.91666667E-01        2.89699611E-01        1.73062012E-02    
    8.33333333E-02        2.91666667E-01        3.03764016E-01        1.42153466E-02    
    1.25000000E-01        2.91666667E-01        2.97126886E-01        9.30332274E-03    
    1.66666667E-01        2.91666667E-01        2.70240475E-01        4.01274738E-03    
    2.08333333E-01        2.91666667E-01        2.24937465E-01        2.70902803E-03    
    2.50000000E-01        2.91666667E-01        1.64306080E-01        5.45898589E-03    
    2.91666667E-01        2.91666667E-01        9.24793387E-02        6.76617278E-03    
    3.33333333E-01        2.91666667E-01        1.43528551E-02        6.39198488E-03    
    3.75000000E-01        2.91666667E-01       -6.47492916E-02        4.84696928E-03    
    4.16666667E-01        2.91666667E-01       -1.39437526E-01        3.37687684E-03    
    4.58333333E-01        2.91666667E-01       -2.04623657E-01        4.31571213E-03    
    5.00000000E-01        2.91666667E-01       -2.55866832E-01        6.53997977E-03    
   -5.00000000E-01        3.33333333E-01       -3.96788939E-02        6.99163003E-03    
   -4.58333333E-01        3.33333333E-01       -4.49249498E-02        7.66431012E-03    
   -4.16666667E-01        3.33333333E-01       -4.71114640E-02        6.49966523E-03    
   -3.75000000E-01        3.33333333E-01       -4.60879833E-02        3.93239941E-03    
   -3.33333333E-01        3.33333333E-01       -4.19226762E-02        1.89245206E-03    
   -2.91666667E-01        3.33333333E-01       -3.48984394E-02        3.30064564E-03    
   -2.50000000E-01        3.33333333E-01       -2.54939107E-02        4.26034155E-03    
   -2.08333333E-01        3.33333333E-01       -1.43506087E-02        3.34400252E-03    
   -1.66666667E-01        3.33333333E-01       -2.22869598E-03        1.72928826E-03    
   -1.25000000E-01        3.33333333E-01        1.00452541E-02        4.79010817E-03    
   -8.33333333E-02        3.33333333E-01        2.16347063E-02        9.31180352E-03    
   -4.16666667E-02        3.33333333E-01        3.17499971E-02        1.32329547E-02    
    0.00000000E+00        3.33333333E-01        3.97018624E-02        1.54691918E-02    
    4.16666667E-02        3.33333333E-01        4.49482099E-02        1.53060296E-02    
    8.33333333E-02        3.33333333E-01        4.71310639E-02        1.26283530E-02    
    1.25000000E-01        3.33333333E-01        4.61011749E-02        8.08206417E-03    
    1.66666667E-01        3.33333333E-01        4.19285257E-02        3.16506401E-03    
    2.08333333E-01        3.33333333E-01        3.48978550E-02        2.98250455E-03    
    2.50000000E-01        3.33333333E-01        2.54893020E-02        5.56803166E-03    
    2.91666667E-01        3.33333333E-01        1.43453661E-02        6.31067360E-03    
    3.33333333E-01        3.33333333E-01        2.22650529E-03        5.17328128E-03    
    3.75000000E-01        3.33333333E-01       -1.00413024E-02        2.91637426E-03    
    4.16666667E-01        3.33333333E-01       -2.16230702E-02        2.28695237E-03    
    4.58333333E-01        3.33333333E-01       -3.17313188E-02        4.81534952E-03    
    5.00000000E-01        3.33333333E-01       -3.96788939E-02        6.99163003E-03    
   -5.00000000E-01        3.75000000E-01        1.79212786E-01        6.68635355E-03    
   -4.58333333E-01        3.75000000E-01        2.02886041E-01        6.15993102E-03    
   -4.16666667E-01        3.75000000E-01        2.12730624E-01        3.91845260E-03    
   -3.75000000E-01        3.75000000E-01        2.08077075E-01        1.67004643E-03    
   -3.33333333E-01        3.75000000E-01        1.89244128E-01        4.44139982E-03    
   -2.91666667E-01        3.75000000E-01        1.57516221E-01        7.36745366E-03    
   -2.50000000E-01        3.75000000E-01        1.15055644E-01        8.56013300E-03    
   -2.08333333E-01        3.75000000E-01        6.47554173E-02        7.60748907E-03    
   -1.66666667E-01        3.75000000E-01        1.00426634E-02        4.82664682E-03    
   -1.25000000E-01        3.75000000E-01       -4.53545010E-02        2.14586233E-03    
   -8.33333333E-02        3.75000000E-01       -9.76609045E-02        5.28228192E-03    
   -4.16666667E-02        3.75000000E-01       -1.43311776E-01        9.47200911E-03    
    0.00000000E+00        3.75000000E-01       -1.79195986E-01        1.24369466E-02    
    4.16666667E-02        3.75000000E-01       -2.02868291E-01        1.33334936E-02    
    8.33333333E-02        3.75000000E-01       -2.12715977E-01        1.19333516E-02    
    1.25000000E-01        3.75000000E-01       -2.08068526E-01        8.81856489E-03    
    1.66666667E-01        3.75000000E-01       -1.89242944E-01        5.50882906E-03    
    2.08333333E-01        3.75000000E-01       -1.57521819E-01        4.31110480E-03    
    2.50000000E-01        3.75000000E-01       -1.15065847E-01        4.85541687E-03    
    2.91666667E-01        3.75000000E-01       -6.47669113E-02        4.55150964E-03    
    3.33333333E-01        3.75000000E-01       -1.00516639E-02        2.78010807E-03    
    3.75000000E-01        3.75000000E-01        4.53513335E-02        1.00009587E-04    
    4.16666667E-01        3.75000000E-01        9.76654437E-02        3.01826572E-03    
    4.58333333E-01        3.75000000E-01        1.43323705E-01        5.48037259E-03    
    5.00000000E-01        3.75000000E-01        1.79212786E-01        6.68635355E-03    
   -5.00000000E-01        4.16666667E-01        3.85892522E-01        5.56553380E-03    
   -4.58333333E-01        4.16666667E-01        4.36870896E-01        3.55423637E-03    
   -4.16666667E-01        4.16666667E-01        4.58074826E-01        6.33025330E-04    
   -3.75000000E-01        4.16666667E-01        4.48060761E-01        4.62060202E-03    
   -3.33333333E-01        4.16666667E-01        4.07512729E-01        8.95448504E-03    
   -2.91666667E-01        4.16666667E-01        3.39194946E-01        1.20726022E-02    
   -2.50000000E-01        4.16666667E-01        2.47763146E-01        1.32130859E-02    
   -2.08333333E-01        4.16666667E-01        1.39447569E-01        1.21929100E-02    
   -1.66666667E-01        4.16666667E-01        2.16289315E-02        9.34034608E-03    
   -1.25000000E-01        4.16666667E-01       -9.76640943E-02        5.29160193E-03    
   -8.33333333E-02        4.16666667E-01       -2.10301897E-01        1.83471243E-03    
   -4.16666667E-02        4.16666667E-01       -3.08608149E-01        5.01379734E-03    
    0.00000000E+00        4.16666667E-01       -3.85883266E-01        8.69832400E-03    
    4.16666667E-02        4.16666667E-01       -4.36861220E-01        1.07357936E-02    
    8.33333333E-02        4.16666667E-01       -4.58068426E-01        1.06458863E-02    
    1.25000000E-01        4.16666667E-01       -4.48060236E-01        8.72644654E-03    
    1.66666667E-01        4.16666667E-01       -4.07519005E-01        6.01756364E-03    
    2.08333333E-01        4.16666667E-01       -3.39207251E-01        3.94673981E-03    
    2.50000000E-01        4.16666667E-01       -2.47779318E-01        3.12316281E-03    
    2.91666667E-01        4.16666667E-01       -1.39464504E-01        2.46513881E-03    
    3.33333333E-01        4.16666667E-01       -2.16431974E-02        1.90704924E-03    
    3.75000000E-01        4.16666667E-01        9.76554372E-02        3.07160852E-03    
    4.16666667E-01        4.16666667E-01        2.10300383E-01        4.84916449E-03    
    4.58333333E-01        4.16666667E-01        3.08613273E-01        5.90183180E-03    
    5.00000000E-01        4.16666667E-01        3.85892522E-01        5.56553380E-03    
   -5.00000000E-01        4.58333333E-01        5.66276198E-01        3.45952428E-03    
   -4.58333333E-01        4.58333333E-01        6.41084790E-01        5.55776751E-04    
   -4.16666667E-01        4.58333333E-01        6.72202282E-01        4.44907940E-03    
   -3.75000000E-01        4.58333333E-01        6.57509598E-01        9.30149095E-03    
   -3.33333333E-01        4.58333333E-01        5.98009530E-01        1.35842948E-02    
   -2.91666667E-01        4.58333333E-01        4.97757666E-01        1.63658378E-02    
   -2.50000000E-01        4.58333333E-01        3.63585782E-01        1.71398695E-02    
   -2.08333333E-01        4.58333333E-01        2.04636603E-01        1.59608332E-02    
   -1.66666667E-01        4.58333333E-01        3.17413387E-02        1.32535011E-02    
   -1.25000000E-01        4.58333333E-01       -1.43317971E-01        9.47149522E-03    
   -8.33333333E-02        4.58333333E-01       -3.08611274E-01        4.99149916E-03    
   -4.16666667E-02        4.58333333E-01       -4.52873749E-01        1.04998269E-03    
    0.00000000E+00        4.58333333E-01       -5.66273844E-01        4.35398784E-03    
    4.16666667E-02        4.58333333E-01       -6.41083542E-01        7.19025469E-03    
    8.33333333E-02        4.58333333E-01       -6.72205050E-01        8.02628366E-03    
    1.25000000E-01        4.58333333E-01       -6.57517992E-01        6.85849728E-03    
    1.66666667E-01        4.58333333E-01       -5.98023554E-01        4.40051580E-03    
    2.08333333E-01        4.58333333E-01       -4.97775942E-01        1.90209108E-03    
    2.50000000E-01        4.58333333E-01       -3.63606015E-01        1.83163313E-03    
    2.91666667E-01        4.58333333E-01       -2.04656071E-01        3.25477324E-03    
    3.33333333E-01        4.58333333E-01       -3.17573994E-02        4.50104926E-03    
    3.75000000E-01        4.58333333E-01        1.43307270E-01        5.50897561E-03    
    4.16666667E-01        4.58333333E-01        3.08606546E-01        5.95844072E-03    
    4.58333333E-01        4.58333333E-01        4.52873881E-01        5.38286801E-03    
    5.00000000E-01        4.58333333E-01        5.66276198E-01        3.45952428E-03    
   -5.00000000E-01        5.00000000E-01        7.08070871E-01        1.05760530E-03    
   -4.58333333E-01        5.00000000E-01        8.01611077E-01        4.43035789E-03    
   -4.16666667E-01        5.00000000E-01        8.40521040E-01        9.18138662E-03    
   -3.75000000E-01        5.00000000E-01        8.22150700E-01        1.38053754E-02    
   -3.33333333E-01        5.00000000E-01        7.47753335E-01        1.74206988E-02    
   -2.91666667E-01        5.00000000E-01        6.22399489E-01        1.93398708E-02    
   -2.50000000E-01        5.00000000E-01        4.54631296E-01        1.93749978E-02    
   -2.08333333E-01        5.00000000E-01        2.55880783E-01        1.78991181E-02    
   -1.66666667E-01        5.00000000E-01        3.96914479E-02        1.54923712E-02    
   -1.25000000E-01        5.00000000E-01       -1.79204242E-01        1.24369240E-02    
   -8.33333333E-02        5.00000000E-01       -3.85888766E-01        8.67443566E-03    
   -4.16666667E-02        5.00000000E-01       -5.66276428E-01        4.32015757E-03    
    0.00000000E+00        5.00000000E-01       -7.08073652E-01        3.18508268E-04    
    4.16666667E-02        5.00000000E-01       -8.01617048E-01        3.24694314E-03    
    8.33333333E-02        5.00000000E-01       -8.40531992E-01        4.59853403E-03    
    1.25000000E-01        5.00000000E-01       -8.22166869E-01        3.87877278E-03    
    1.66666667E-01        5.00000000E-01       -7.47773461E-01        1.60856278E-03    
    2.08333333E-01        5.00000000E-01       -6.22421375E-01        1.34104107E-03    
    2.50000000E-01        5.00000000E-01       -4.54652499E-01        3.95867510E-03    
    2.91666667E-01        5.00000000E-01       -2.55899140E-01        5.79503205E-03    
    3.33333333E-01        5.00000000E-01       -3.97054306E-02        6.69833469E-03    
    3.75000000E-01        5.00000000E-01        1.79195210E-01        6.66025065E-03    
    4.16666667E-01        5.00000000E-01        3.85884033E-01        5.61258649E-03    
    4.58333333E-01        5.00000000E-01        5.66274064E-01        3.48264962E-03    
    5.00000000E-01        5.00000000E-01        7.08070871E-01        1.05760530E-03    
