Model dump (x mu nu), grid of 25x25=625 pts
Model parameter values (noise variance lengthscales [periods]): (1e-12, 999.99997, [1.0, 5.9692717], [999.99997, 1.0])
   -5.00000000E-01       -5.00000000E-01        7.08070887E-01        1.05752838E-03    
   -4.58333333E-01       -5.00000000E-01        8.01605942E-01        1.48303155E-03    
   -4.16666667E-01       -5.00000000E-01        8.40510668E-01        3.63406575E-03    
   -3.75000000E-01       -5.00000000E-01        8.22136419E-01        7.47043530E-03    
   -3.33333333E-01       -5.00000000E-01        7.47737471E-01        1.17096789E-02    
   -2.91666667E-01       -5.00000000E-01        6.22384579E-01        1.50678244E-02    
   -2.50000000E-01       -5.00000000E-01        4.54619284E-01        1.67318646E-02    
   -2.08333333E-01       -5.00000000E-01        2.55872528E-01        1.65909734E-02    
   -1.66666667E-01       -5.00000000E-01        3.96867030E-02        1.50030975E-02    
   -1.25000000E-01       -5.00000000E-01       -1.79206429E-01        1.23085362E-02    
   -8.33333333E-02       -5.00000000E-01       -3.85889509E-01        8.65317548E-03    
   -4.16666667E-02       -5.00000000E-01       -5.66276576E-01        4.31839771E-03    
    0.00000000E+00       -5.00000000E-01       -7.08073652E-01        3.18158637E-04    
    4.16666667E-02       -5.00000000E-01       -8.01617053E-01        3.24689814E-03    
    8.33333333E-02       -5.00000000E-01       -8.40532058E-01        4.59818533E-03    
    1.25000000E-01       -5.00000000E-01       -8.22167045E-01        3.87606598E-03    
    1.66666667E-01       -5.00000000E-01       -7.47773721E-01        1.59459542E-03    
    2.08333333E-01       -5.00000000E-01       -6.22421456E-01        1.33944474E-03    
    2.50000000E-01       -5.00000000E-01       -4.54651846E-01        3.92286601E-03    
    2.91666667E-01       -5.00000000E-01       -2.55897083E-01        5.54856407E-03    
    3.33333333E-01       -5.00000000E-01       -3.97015822E-02        5.92300441E-03    
    3.75000000E-01       -5.00000000E-01        1.79200524E-01        5.06989241E-03    
    4.16666667E-01       -5.00000000E-01        3.85889567E-01        3.35696549E-03    
    4.58333333E-01       -5.00000000E-01        5.66277864E-01        1.60889340E-03    
    5.00000000E-01       -5.00000000E-01        7.08070887E-01        1.05752838E-03    
   -5.00000000E-01       -4.58333333E-01        8.01607891E-01        1.93368926E-03    
   -4.58333333E-01       -4.58333333E-01        9.07499038E-01        2.37592094E-03    
   -4.16666667E-01       -4.58333333E-01        9.51544177E-01        3.28338004E-03    
   -3.75000000E-01       -4.58333333E-01        9.30744390E-01        6.46654770E-03    
   -3.33333333E-01       -4.58333333E-01        8.46518993E-01        1.03873524E-02    
   -2.91666667E-01       -4.58333333E-01        7.04607957E-01        1.35247015E-02    
   -2.50000000E-01       -4.58333333E-01        5.14680774E-01        1.51522089E-02    
   -2.08333333E-01       -4.58333333E-01        2.89678344E-01        1.53724979E-02    
   -1.66666667E-01       -4.58333333E-01        4.49322002E-02        1.46672158E-02    
   -1.25000000E-01       -4.58333333E-01       -2.02879514E-01        1.31931549E-02    
   -8.33333333E-02       -4.58333333E-01       -4.36868508E-01        1.06975167E-02    
   -4.16666667E-02       -4.58333333E-01       -6.41087728E-01        7.15818392E-03    
    0.00000000E+00       -4.58333333E-01       -8.01618816E-01        3.22429557E-03    
    4.16666667E-02       -4.58333333E-01       -9.07521143E-01        1.06207273E-04    
    8.33333333E-02       -4.58333333E-01       -9.51577526E-01        1.56179103E-03    
    1.25000000E-01       -4.58333333E-01       -9.30785813E-01        1.10484264E-03    
    1.66666667E-01       -4.58333333E-01       -8.46563060E-01        9.78087095E-04    
    2.08333333E-01       -4.58333333E-01       -7.04648654E-01        3.65032958E-03    
    2.50000000E-01       -4.58333333E-01       -5.14713211E-01        5.94399372E-03    
    2.91666667E-01       -4.58333333E-01       -2.89699940E-01        7.09881158E-03    
    3.33333333E-01       -4.58333333E-01       -4.49431550E-02        6.78696445E-03    
    3.75000000E-01       -4.58333333E-01        2.02876370E-01        5.10416685E-03    
    4.16666667E-01       -4.58333333E-01        4.36868348E-01        2.55862081E-03    
    4.58333333E-01       -4.58333333E-01        6.41084801E-01        5.55736452E-04    
    5.00000000E-01       -4.58333333E-01        8.01607891E-01        1.93368926E-03    
   -5.00000000E-01       -4.16666667E-01        8.40517061E-01        5.01702312E-03    
   -4.58333333E-01       -4.16666667E-01        9.51548297E-01        5.09921539E-03    
   -4.16666667E-01       -4.16666667E-01        9.97732488E-01        3.81459905E-03    
   -3.75000000E-01       -4.16666667E-01        9.75924874E-01        4.23331529E-03    
   -3.33333333E-01       -4.16666667E-01        8.87613107E-01        7.20373734E-03    
   -2.91666667E-01       -4.16666667E-01        7.38815167E-01        9.88431914E-03    
   -2.50000000E-01       -4.16666667E-01        5.39669456E-01        1.12841138E-02    
   -2.08333333E-01       -4.16666667E-01        3.03744866E-01        1.17532014E-02    
   -1.66666667E-01       -4.16666667E-01        4.71172463E-02        1.19767542E-02    
   -1.25000000E-01       -4.16666667E-01       -2.12725392E-01        1.18451954E-02    
   -8.33333333E-02       -4.16666667E-01       -4.58074634E-01        1.06107882E-02    
   -4.16666667E-02       -4.16666667E-01       -6.72209016E-01        7.97858860E-03    
    0.00000000E+00       -4.16666667E-01       -8.40534296E-01        4.56543367E-03    
    4.16666667E-02       -4.16666667E-01       -9.51578546E-01        1.55244162E-03    
    8.33333333E-02       -4.16666667E-01       -9.97774051E-01        1.06759248E-04    
    1.25000000E-01       -4.16666667E-01       -9.75972801E-01        3.82647603E-04    
    1.66666667E-01       -4.16666667E-01       -8.87660646E-01        2.23179535E-03    
    2.08333333E-01       -4.16666667E-01       -7.38855792E-01        4.63768254E-03    
    2.50000000E-01       -4.16666667E-01       -5.39698717E-01        6.50990109E-03    
    2.91666667E-01       -4.16666667E-01       -3.03761452E-01        7.05801595E-03    
    3.33333333E-01       -4.16666667E-01       -4.71231205E-02        5.97943728E-03    
    3.75000000E-01       -4.16666667E-01        2.12725618E-01        3.48340544E-03    
    4.16666667E-01       -4.16666667E-01        4.58074811E-01        6.32976838E-04    
    4.58333333E-01       -4.16666667E-01        6.72202882E-01        3.09928224E-03    
    5.00000000E-01       -4.16666667E-01        8.40517061E-01        5.01702313E-03    
   -5.00000000E-01       -3.75000000E-01        8.22147345E-01        9.38032906E-03    
   -4.58333333E-01       -3.75000000E-01        9.30752529E-01        9.21052457E-03    
   -4.16666667E-01       -3.75000000E-01        9.75928696E-01        7.02919591E-03    
   -3.75000000E-01       -3.75000000E-01        9.54599592E-01        4.25222370E-03    
   -3.33333333E-01       -3.75000000E-01        8.68219853E-01        4.04689205E-03    
   -2.91666667E-01       -3.75000000E-01        7.22675334E-01        5.64278838E-03    
   -2.50000000E-01       -3.75000000E-01        5.27882397E-01        6.38907855E-03    
   -2.08333333E-01       -3.75000000E-01        2.97113217E-01        6.69678768E-03    
   -1.66666667E-01       -3.75000000E-01        4.60924622E-02        7.69351793E-03    
   -1.25000000E-01       -3.75000000E-01       -2.08073668E-01        8.78966499E-03    
   -8.33333333E-02       -3.75000000E-01       -4.48063320E-01        8.62116754E-03    
   -4.16666667E-02       -3.75000000E-01       -6.57520093E-01        6.74133063E-03    
    0.00000000E+00       -3.75000000E-01       -8.22168455E-01        3.80716510E-03    
    4.16666667E-02       -3.75000000E-01       -9.30787068E-01        1.07288031E-03    
    8.33333333E-02       -3.75000000E-01       -9.75973548E-01        3.81280554E-04    
    1.25000000E-01       -3.75000000E-01       -9.54648658E-01        9.89777702E-05    
    1.66666667E-01       -3.75000000E-01       -8.68265808E-01        1.76536488E-03    
    2.08333333E-01       -3.75000000E-01       -7.22711811E-01        3.92497460E-03    
    2.50000000E-01       -3.75000000E-01       -5.27905789E-01        5.38811907E-03    
    2.91666667E-01       -3.75000000E-01       -2.97123518E-01        5.38221692E-03    
    3.33333333E-01       -3.75000000E-01       -4.60930533E-02        3.73571264E-03    
    3.75000000E-01       -3.75000000E-01        2.08077028E-01        1.66992076E-03    
    4.16666667E-01       -3.75000000E-01        4.48063908E-01        4.10519026E-03    
    4.58333333E-01       -3.75000000E-01        6.57511805E-01        7.42150908E-03    
    5.00000000E-01       -3.75000000E-01        8.22147345E-01        9.38032906E-03    
   -5.00000000E-01       -3.33333333E-01        7.47751112E-01        1.36869091E-02    
   -4.58333333E-01       -3.33333333E-01        8.46529327E-01        1.32069238E-02    
   -4.16666667E-01       -3.33333333E-01        8.87618917E-01        1.05371247E-02    
   -3.75000000E-01       -3.33333333E-01        8.68221828E-01        6.83219083E-03    
   -3.33333333E-01       -3.33333333E-01        7.89660591E-01        4.20896950E-03    
   -2.91666667E-01       -3.33333333E-01        6.57287843E-01        3.81721547E-03    
   -2.50000000E-01       -3.33333333E-01        4.80122121E-01        3.22612948E-03    
   -2.08333333E-01       -3.33333333E-01        2.70234419E-01        1.88024969E-03    
   -1.66666667E-01       -3.33333333E-01        4.19266822E-02        3.15415442E-03    
   -1.25000000E-01       -3.33333333E-01       -1.89242355E-01        5.15987708E-03    
   -8.33333333E-02       -3.33333333E-01       -4.07517750E-01        5.58316095E-03    
   -4.16666667E-02       -3.33333333E-01       -5.98022776E-01        4.10625866E-03    
    0.00000000E+00       -3.33333333E-01       -7.47773509E-01        1.48166165E-03    
    4.16666667E-02       -3.33333333E-01       -8.46564039E-01        1.01794128E-03    
    8.33333333E-02       -3.33333333E-01       -8.87661928E-01        2.23920937E-03    
    1.25000000E-01       -3.33333333E-01       -8.68266677E-01        1.76794084E-03    
    1.66666667E-01       -3.33333333E-01       -7.89700227E-01        2.83944976E-04    
    2.08333333E-01       -3.33333333E-01       -6.57316739E-01        2.03749180E-03    
    2.50000000E-01       -3.33333333E-01       -4.80137846E-01        3.19816498E-03    
    2.91666667E-01       -3.33333333E-01       -2.70238169E-01        2.87286532E-03    
    3.33333333E-01       -3.33333333E-01       -4.19227360E-02        1.89231821E-03    
    3.75000000E-01       -3.33333333E-01        1.89247876E-01        4.28805554E-03    
    4.16666667E-01       -3.33333333E-01        4.07518398E-01        8.29213164E-03    
    4.58333333E-01       -3.33333333E-01        5.98013287E-01        1.18244226E-02    
    5.00000000E-01       -3.33333333E-01        7.47751112E-01        1.36869091E-02    
   -5.00000000E-01       -2.91666667E-01        6.22398411E-01        1.67237005E-02    
   -4.58333333E-01       -2.91666667E-01        7.04618143E-01        1.58685827E-02    
   -4.16666667E-01       -2.91666667E-01        7.38820801E-01        1.27094095E-02    
   -3.75000000E-01       -2.91666667E-01        7.22677293E-01        8.45906529E-03    
   -3.33333333E-01       -2.91666667E-01        6.57287997E-01        5.30236416E-03    
   -2.91666667E-01       -2.91666667E-01        5.47107598E-01        4.70586256E-03    
   -2.50000000E-01       -2.91666667E-01        3.99642210E-01        4.33443543E-03    
   -2.08333333E-01       -2.91666667E-01        2.24939041E-01        2.69930568E-03    
   -1.66666667E-01       -2.91666667E-01        3.49027050E-02        1.30851653E-03    
   -1.25000000E-01       -2.91666667E-01       -1.57515743E-01        2.44269167E-03    
   -8.33333333E-02       -2.91666667E-01       -3.39201858E-01        2.65360054E-03    
   -4.16666667E-02       -2.91666667E-01       -4.97772382E-01        1.22093099E-03    
    0.00000000E+00       -2.91666667E-01       -6.22419878E-01        1.48112947E-03    
    4.16666667E-02       -2.91666667E-01       -7.04649508E-01        3.68110035E-03    
    8.33333333E-02       -2.91666667E-01       -7.38857731E-01        4.62117279E-03    
    1.25000000E-01       -2.91666667E-01       -7.22713745E-01        3.90699158E-03    
    1.66666667E-01       -2.91666667E-01       -6.57317960E-01        2.04059279E-03    
    2.08333333E-01       -2.91666667E-01       -5.47126924E-01        3.63259917E-04    
    2.50000000E-01       -2.91666667E-01       -3.99649821E-01        1.07841780E-03    
    2.91666667E-01       -2.91666667E-01       -2.24937095E-01        1.17576672E-03    
    3.33333333E-01       -2.91666667E-01       -3.48957964E-02        3.25744571E-03    
    3.75000000E-01       -2.91666667E-01        1.57521912E-01        7.16877742E-03    
    4.16666667E-01       -2.91666667E-01        3.39201877E-01        1.15173203E-02    
    4.58333333E-01       -2.91666667E-01        4.97762366E-01        1.50673723E-02    
    5.00000000E-01       -2.91666667E-01        6.22398411E-01        1.67237005E-02    
   -5.00000000E-01       -2.50000000E-01        4.54631280E-01        1.78545791E-02    
   -4.58333333E-01       -2.50000000E-01        5.14689102E-01        1.67292381E-02    
   -4.16666667E-01       -2.50000000E-01        5.39673511E-01        1.31632086E-02    
   -3.75000000E-01       -2.50000000E-01        5.27883234E-01        8.31343148E-03    
   -3.33333333E-01       -2.50000000E-01        4.80121615E-01        4.53603943E-03    
   -2.91666667E-01       -2.50000000E-01        3.99641845E-01        4.48278298E-03    
   -2.50000000E-01       -2.50000000E-01        2.91926068E-01        5.14784929E-03    
   -2.08333333E-01       -2.50000000E-01        1.64312968E-01        4.40326998E-03    
   -1.66666667E-01       -2.50000000E-01        2.54985487E-02        2.93854613E-03    
   -1.25000000E-01       -2.50000000E-01       -1.15056370E-01        1.93505709E-03    
   -8.33333333E-02       -2.50000000E-01       -2.47771511E-01        1.28645716E-03    
   -4.16666667E-02       -2.50000000E-01       -3.63600960E-01        1.77991031E-03    
    0.00000000E+00       -2.50000000E-01       -4.54650317E-01        3.96309177E-03    
    4.16666667E-02       -2.50000000E-01       -5.14714818E-01        5.86866459E-03    
    8.33333333E-02       -2.50000000E-01       -5.39701810E-01        6.39988438E-03    
    1.25000000E-01       -2.50000000E-01       -5.27909109E-01        5.29289059E-03    
    1.66666667E-01       -2.50000000E-01       -4.80140613E-01        3.13937997E-03    
    2.08333333E-01       -2.50000000E-01       -3.99651477E-01        1.06314562E-03    
    2.50000000E-01       -2.50000000E-01       -2.91926577E-01        9.99851434E-05    
    2.91666667E-01       -2.50000000E-01       -1.64307139E-01        1.25602283E-03    
    3.33333333E-01       -2.50000000E-01       -2.54907386E-02        4.20017356E-03    
    3.75000000E-01       -2.50000000E-01        1.15061493E-01        8.40177286E-03    
    4.16666667E-01       -2.50000000E-01        2.47770095E-01        1.28490820E-02    
    4.58333333E-01       -2.50000000E-01        3.63590782E-01        1.63573222E-02    
    5.00000000E-01       -2.50000000E-01        4.54631280E-01        1.78545791E-02    
   -5.00000000E-01       -2.08333333E-01        2.55881761E-01        1.71869819E-02    
   -4.58333333E-01       -2.08333333E-01        2.89684248E-01        1.61866173E-02    
   -4.16666667E-01       -2.08333333E-01        3.03747113E-01        1.26529755E-02    
   -3.75000000E-01       -2.08333333E-01        2.97113022E-01        7.50590444E-03    
   -3.33333333E-01       -2.08333333E-01        2.70233659E-01        2.48023007E-03    
   -2.91666667E-01       -2.08333333E-01        2.24939038E-01        2.69926169E-03    
   -2.50000000E-01       -2.08333333E-01        1.64313665E-01        4.46975795E-03    
   -2.08333333E-01       -2.08333333E-01        9.24874819E-02        4.38209275E-03    
   -1.66666667E-01       -2.08333333E-01        1.43551837E-02        3.18626260E-03    
   -1.25000000E-01       -2.08333333E-01       -6.47573990E-02        1.96712623E-03    
   -8.33333333E-02       -2.08333333E-01       -1.39457019E-01        1.73277187E-03    
   -4.16666667E-02       -2.08333333E-01       -2.04651544E-01        3.21828545E-03    
    0.00000000E+00       -2.08333333E-01       -2.55897609E-01        5.33103781E-03    
    4.16666667E-02       -2.08333333E-01       -2.89703415E-01        6.80653833E-03    
    8.33333333E-02       -2.08333333E-01       -3.03766168E-01        6.78075104E-03    
    1.25000000E-01       -2.08333333E-01       -2.97128342E-01        5.14043508E-03    
    1.66666667E-01       -2.08333333E-01       -2.70242525E-01        2.62887121E-03    
    2.08333333E-01       -2.08333333E-01       -2.24940587E-01        9.12259635E-04    
    2.50000000E-01       -2.08333333E-01       -1.64309213E-01        1.19709087E-03    
    2.91666667E-01       -2.08333333E-01       -9.24800503E-02        8.41070651E-04    
    3.33333333E-01       -2.08333333E-01       -1.43484672E-02        3.30417237E-03    
    3.75000000E-01       -2.08333333E-01        6.47601173E-02        7.50948149E-03    
    4.16666667E-01       -2.08333333E-01        1.39453624E-01        1.19972376E-02    
    4.58333333E-01       -2.08333333E-01        2.04641434E-01        1.55763647E-02    
    5.00000000E-01       -2.08333333E-01        2.55881761E-01        1.71869819E-02    
   -5.00000000E-01       -1.66666667E-01        3.96932148E-02        1.52388968E-02    
   -4.58333333E-01       -1.66666667E-01        4.49360175E-02        1.49628406E-02    
   -4.16666667E-01       -1.66666667E-01        4.71182753E-02        1.22355313E-02    
   -3.75000000E-01       -1.66666667E-01        4.60920449E-02        7.81497078E-03    
   -3.33333333E-01       -1.66666667E-01        4.19266895E-02        3.15405253E-03    
   -2.91666667E-01       -1.66666667E-01        3.49043239E-02        1.75823309E-03    
   -2.50000000E-01       -1.66666667E-01        2.55014786E-02        3.33763525E-03    
   -2.08333333E-01       -1.66666667E-01        1.43577255E-02        3.38832173E-03    
   -1.66666667E-01       -1.66666667E-01        2.23273931E-03        2.34854702E-03    
   -1.25000000E-01       -1.66666667E-01       -1.00456605E-02        1.29597825E-03    
   -8.33333333E-02       -1.66666667E-01       -2.16387984E-02        1.79547841E-03    
   -4.16666667E-02       -1.66666667E-01       -3.17553109E-02        3.53165474E-03    
    0.00000000E+00       -1.66666667E-01       -3.97056450E-02        5.33720868E-03    
    4.16666667E-02       -1.66666667E-01       -4.49489200E-02        6.23608582E-03    
    8.33333333E-02       -1.66666667E-01       -4.71291309E-02        5.53296642E-03    
    1.25000000E-01       -1.66666667E-01       -4.60986621E-02        3.28798684E-03    
    1.66666667E-01       -1.66666667E-01       -4.19279166E-02        1.12259969E-03    
    2.08333333E-01       -1.66666667E-01       -3.49005775E-02        2.97461296E-03    
    2.50000000E-01       -1.66666667E-01       -2.54947286E-02        4.08865590E-03    
    2.91666667E-01       -1.66666667E-01       -1.43508430E-02        3.26559347E-03    
    3.33333333E-01       -1.66666667E-01       -2.22850634E-03        1.73752145E-03    
    3.75000000E-01       -1.66666667E-01        1.00453922E-02        4.78275926E-03    
    4.16666667E-01       -1.66666667E-01        2.16334796E-02        9.25468491E-03    
    4.58333333E-01       -1.66666667E-01        3.17456212E-02        1.31046955E-02    
    5.00000000E-01       -1.66666667E-01        3.96932148E-02        1.52388968E-02    
   -5.00000000E-01       -1.25000000E-01       -1.79202198E-01        1.23777050E-02    
   -4.58333333E-01       -1.25000000E-01       -2.02877196E-01        1.32631845E-02    
   -4.16666667E-01       -1.25000000E-01       -2.12724928E-01        1.18770481E-02    
   -3.75000000E-01       -1.25000000E-01       -2.08073638E-01        8.78920158E-03    
   -3.33333333E-01       -1.25000000E-01       -1.89240895E-01        5.27635179E-03    
   -2.91666667E-01       -1.25000000E-01       -1.57511760E-01        3.02648559E-03    
   -2.50000000E-01       -1.25000000E-01       -1.15050331E-01        2.61744286E-03    
   -2.08333333E-01       -1.25000000E-01       -6.47512300E-02        2.20738447E-03    
   -1.66666667E-01       -1.25000000E-01       -1.00417709E-02        1.20683730E-03    
   -1.25000000E-01       -1.25000000E-01        4.53513332E-02        1.00009018E-04    
   -8.33333333E-02       -1.25000000E-01        9.76550210E-02        1.31679541E-03    
   -4.16666667E-02       -1.25000000E-01        1.43306007E-01        2.85009004E-03    
    0.00000000E+00       -1.25000000E-01        1.79193108E-01        4.16747792E-03    
    4.16666667E-02       -1.25000000E-01        2.02869485E-01        4.41572228E-03    
    8.33333333E-02       -1.25000000E-01        2.12720130E-01        3.01103089E-03    
    1.25000000E-01       -1.25000000E-01        2.08072730E-01        7.37229324E-04    
    1.66666667E-01       -1.25000000E-01        1.89243908E-01        3.79645442E-03    
    2.08333333E-01       -1.25000000E-01        1.57517548E-01        6.82393568E-03    
    2.50000000E-01       -1.25000000E-01        1.15056786E-01        8.19818254E-03    
    2.91666667E-01       -1.25000000E-01        6.47559669E-02        7.42269037E-03    
    3.33333333E-01       -1.25000000E-01        1.00429912E-02        4.76387396E-03    
    3.75000000E-01       -1.25000000E-01       -4.53542658E-02        2.15325751E-03    
    4.16666667E-01       -1.25000000E-01       -9.76615340E-02        5.26365312E-03    
    4.58333333E-01       -1.25000000E-01       -1.43314693E-01        9.43094758E-03    
    5.00000000E-01       -1.25000000E-01       -1.79202198E-01        1.23777050E-02    
   -5.00000000E-01       -8.33333333E-02       -3.85887175E-01        8.67101643E-03    
   -4.58333333E-01       -8.33333333E-02       -4.36867366E-01        1.07090816E-02    
   -4.16666667E-01       -8.33333333E-02       -4.58074582E-01        1.06099132E-02    
   -3.75000000E-01       -8.33333333E-02       -4.48062926E-01        8.64423689E-03    
   -3.33333333E-01       -8.33333333E-02       -4.07515157E-01        5.74136809E-03    
   -2.91666667E-01       -8.33333333E-02       -3.39196004E-01        3.11535201E-03    
   -2.50000000E-01       -8.33333333E-02       -2.47762920E-01        1.80173842E-03    
   -2.08333333E-01       -8.33333333E-02       -1.39447711E-01        1.72255963E-03    
   -1.66666667E-01       -8.33333333E-02       -2.16313273E-02        1.85653909E-03    
   -1.25000000E-01       -8.33333333E-02        9.76588475E-02        1.76697678E-03    
   -8.33333333E-02       -8.33333333E-02        2.10295143E-01        1.44450684E-03    
   -4.16666667E-02       -8.33333333E-02        3.08602528E-01        1.73158796E-03    
    0.00000000E+00       -8.33333333E-02        3.85881193E-01        2.37686344E-03    
    4.16666667E-02       -8.33333333E-02        4.36863405E-01        2.02723993E-03    
    8.33333333E-02       -8.33333333E-02        4.58073267E-01        2.26712826E-04    
    1.25000000E-01       -8.33333333E-02        4.48064391E-01        3.54518633E-03    
    1.66666667E-01       -8.33333333E-02        4.07518891E-01        7.59391280E-03    
    2.08333333E-01       -8.33333333E-02        3.39200760E-01        1.09063917E-02    
    2.50000000E-01       -8.33333333E-02        2.47766959E-01        1.24497851E-02    
    2.91666667E-01       -8.33333333E-02        1.39449389E-01        1.18101587E-02    
    3.33333333E-01       -8.33333333E-02        2.16297577E-02        9.20652840E-03    
    3.75000000E-01       -8.33333333E-02       -9.76634612E-02        5.27638437E-03    
    4.16666667E-01       -8.33333333E-02       -2.10301685E-01        1.83580169E-03    
    4.58333333E-01       -8.33333333E-02       -3.08609490E-01        4.98473265E-03    
    5.00000000E-01       -8.33333333E-02       -3.85887175E-01        8.67101643E-03    
   -5.00000000E-01       -4.16666667E-02       -5.66275787E-01        4.32138579E-03    
   -4.58333333E-01       -4.16666667E-02       -6.41087672E-01        7.15707522E-03    
   -4.16666667E-01       -4.16666667E-02       -6.72209685E-01        7.97252963E-03    
   -3.75000000E-01       -4.16666667E-02       -6.57520120E-01        6.75555537E-03    
   -3.33333333E-01       -4.16666667E-02       -5.98020312E-01        4.20271061E-03    
   -2.91666667E-01       -4.16666667E-02       -4.97766311E-01        1.55103297E-03    
   -2.50000000E-01       -4.16666667E-02       -3.63591724E-01        1.89200310E-03    
   -2.08333333E-01       -4.16666667E-02       -2.04641086E-01        3.36103453E-03    
   -1.66666667E-01       -4.16666667E-02       -3.17461641E-02        3.99334355E-03    
   -1.25000000E-01       -4.16666667E-02        1.43311964E-01        3.68806109E-03    
   -8.33333333E-02       -4.16666667E-02        3.08604934E-01        2.60074004E-03    
   -4.16666667E-02       -4.16666667E-02        4.52869090E-01        1.33675660E-03    
    0.00000000E+00       -4.16666667E-02        5.66272678E-01        8.10315536E-04    
    4.16666667E-02       -4.16666667E-02        6.41086125E-01        1.08173111E-04    
    8.33333333E-02       -4.16666667E-02        6.72209556E-01        2.39726430E-03    
    1.25000000E-01       -4.16666667E-02        6.57521103E-01        6.22979118E-03    
    1.66666667E-01       -4.16666667E-02        5.98021900E-01        1.04995094E-02    
    2.08333333E-01       -4.16666667E-02        4.97767711E-01        1.39439634E-02    
    2.50000000E-01       -4.16666667E-02        3.63591973E-01        1.56167751E-02    
    2.91666667E-01       -4.16666667E-02        2.04639432E-01        1.52162189E-02    
    3.33333333E-01       -4.16666667E-02        3.17424899E-02        1.30004341E-02    
    3.75000000E-01       -4.16666667E-02       -1.43317014E-01        9.44171270E-03    
    4.16666667E-01       -4.16666667E-02       -3.08610249E-01        5.02533627E-03    
    4.58333333E-01       -4.16666667E-02       -4.52873615E-01        1.04558140E-03    
    5.00000000E-01       -4.16666667E-02       -5.66275787E-01        4.32138579E-03    
   -5.00000000E-01        0.00000000E+00       -7.08073610E-01        3.18166498E-04    
   -4.58333333E-01        0.00000000E+00       -8.01619452E-01        3.21865881E-03    
   -4.16666667E-01        0.00000000E+00       -8.40535848E-01        4.55074771E-03    
   -3.75000000E-01        0.00000000E+00       -8.22169699E-01        3.79006961E-03    
   -3.33333333E-01        0.00000000E+00       -7.47772600E-01        1.48350362E-03    
   -2.91666667E-01        0.00000000E+00       -6.22415564E-01        1.55018597E-03    
   -2.50000000E-01        0.00000000E+00       -4.54642800E-01        4.09448779E-03    
   -2.08333333E-01        0.00000000E+00       -2.55888563E-01        5.65948891E-03    
   -1.66666667E-01        0.00000000E+00       -3.96973865E-02        5.97035372E-03    
   -1.25000000E-01        0.00000000E+00        1.79198797E-01        5.07083033E-03    
   -8.33333333E-02        0.00000000E+00        3.85883885E-01        3.29623866E-03    
   -4.16666667E-02        0.00000000E+00        5.66273297E-01        1.32389914E-03    
    0.00000000E+00        0.00000000E+00        7.08073420E-01        9.99965131E-05    
    4.16666667E-02        0.00000000E+00        8.01619636E-01        8.52018393E-04    
    8.33333333E-02        0.00000000E+00        8.40535629E-01        3.22818159E-03    
    1.25000000E-01        0.00000000E+00        8.22168627E-01        7.12851715E-03    
    1.66666667E-01        0.00000000E+00        7.47770551E-01        1.14325668E-02    
    2.08333333E-01        0.00000000E+00        6.22412549E-01        1.48849969E-02    
    2.50000000E-01        0.00000000E+00        4.54638872E-01        1.66541630E-02    
    2.91666667E-01        0.00000000E+00        2.55883920E-01        1.66007934E-02    
    3.33333333E-01        0.00000000E+00        3.96925444E-02        1.50633919E-02    
    3.75000000E-01        0.00000000E+00       -1.79203049E-01        1.23815175E-02    
    4.16666667E-01        0.00000000E+00       -3.85886820E-01        8.71534386E-03    
    4.58333333E-01        0.00000000E+00       -5.66274664E-01        4.36221122E-03    
    5.00000000E-01        0.00000000E+00       -7.08073610E-01        3.18166498E-04    
   -5.00000000E-01        4.16666667E-02       -8.01616000E-01        3.24138477E-03    
   -4.58333333E-01        4.16666667E-02       -9.07521166E-01        9.71980798E-05    
   -4.16666667E-01        4.16666667E-02       -9.51580265E-01        1.54577272E-03    
   -3.75000000E-01        4.16666667E-02       -9.30789479E-01        1.07407328E-03    
   -3.33333333E-01        4.16666667E-02       -8.46565297E-01        1.08636214E-03    
   -2.91666667E-01        4.16666667E-02       -7.04648141E-01        3.76946188E-03    
   -2.50000000E-01        4.16666667E-02       -5.14710645E-01        6.05194105E-03    
   -2.08333333E-01        4.16666667E-02       -2.89697658E-01        7.16299262E-03    
   -1.66666667E-01        4.16666667E-02       -4.49434824E-02        6.80074124E-03    
   -1.25000000E-01        4.16666667E-02        2.02873089E-01        5.09255131E-03    
   -8.33333333E-02        4.16666667E-02        4.36864817E-01        2.54717104E-03    
   -4.16666667E-02        4.16666667E-02        6.41086128E-01        1.08172586E-04    
    0.00000000E+00        4.16666667E-02        8.01619386E-01        1.56147187E-03    
    4.16666667E-02        4.16666667E-02        9.07523529E-01        1.52239479E-03    
    8.33333333E-02        4.16666667E-02        9.51580267E-01        2.11067509E-03    
    1.25000000E-01        4.16666667E-02        9.30786635E-01        5.71562373E-03    
    1.66666667E-01        4.16666667E-02        8.46559981E-01        9.90558045E-03    
    2.08333333E-01        4.16666667E-02        7.04641265E-01        1.32538430E-02    
    2.50000000E-01        4.16666667E-02        5.14703318E-01        1.50545590E-02    
    2.91666667E-01        4.16666667E-02        2.89691013E-01        1.53936165E-02    
    3.33333333E-01        4.16666667E-02        4.49385967E-02        1.47403399E-02    
    3.75000000E-01        4.16666667E-02       -2.02875391E-01        1.32664985E-02    
    4.16666667E-01        4.16666667E-02       -4.36864308E-01        1.07505574E-02    
    4.58333333E-01        4.16666667E-02       -6.41083456E-01        7.19067940E-03    
    5.00000000E-01        4.16666667E-02       -8.01616000E-01        3.24138477E-03    
   -5.00000000E-01        8.33333333E-02       -8.40527263E-01        4.59869437E-03    
   -4.58333333E-01        8.33333333E-02       -9.51574589E-01        1.57875403E-03    
   -4.16666667E-01        8.33333333E-02       -9.97774084E-01        7.97899726E-05    
   -3.75000000E-01        8.33333333E-02       -9.75975822E-01        4.97453814E-04    
   -3.33333333E-01        8.33333333E-02       -8.87664596E-01        2.32514983E-03    
   -2.91666667E-01        8.33333333E-02       -7.38859038E-01        4.72517087E-03    
   -2.50000000E-01        8.33333333E-02       -5.39701079E-01        6.56695179E-03    
   -2.08333333E-01        8.33333333E-02       -3.03764021E-01        7.05128554E-03    
   -1.66666667E-01        8.33333333E-02       -4.71269095E-02        5.89371334E-03    
   -1.25000000E-01        8.33333333E-02        2.12721325E-01        3.32853906E-03    
   -8.33333333E-02        8.33333333E-02        4.58073260E-01        2.26715584E-04    
   -4.16666667E-02        8.33333333E-02        6.72209071E-01        3.07262097E-03    
    0.00000000E+00        8.33333333E-02        8.40535568E-01        4.84609749E-03    
    4.16666667E-02        8.33333333E-02        9.51580783E-01        4.56595918E-03    
    8.33333333E-02        8.33333333E-02        9.97776247E-01        2.23715360E-03    
    1.25000000E-01        8.33333333E-02        9.75973336E-01        2.29269489E-03    
    1.66666667E-01        8.33333333E-02        8.87658185E-01        6.28711340E-03    
    2.08333333E-01        8.33333333E-02        7.38850354E-01        9.44413703E-03    
    2.50000000E-01        8.33333333E-02        5.39692160E-01        1.11334991E-02    
    2.91666667E-01        8.33333333E-02        3.03756874E-01        1.17648482E-02    
    3.33333333E-01        8.33333333E-02        4.71231900E-02        1.20379575E-02    
    3.75000000E-01        8.33333333E-02       -2.12720659E-01        1.18954710E-02    
    4.16666667E-01        8.33333333E-02       -4.58068330E-01        1.06458968E-02    
    4.58333333E-01        8.33333333E-02       -6.72201264E-01        8.01089490E-03    
    5.00000000E-01        8.33333333E-02       -8.40527263E-01        4.59869437E-03    
   -5.00000000E-01        1.25000000E-01       -8.22155562E-01        4.03426207E-03    
   -4.58333333E-01        1.25000000E-01       -9.30777193E-01        1.48398162E-03    
   -4.16666667E-01        1.25000000E-01       -9.75968701E-01        6.53383303E-04    
   -3.75000000E-01        1.25000000E-01       -9.54648657E-01        9.88519174E-05    
   -3.33333333E-01        1.25000000E-01       -8.68268922E-01        1.82159130E-03    
   -2.91666667E-01        1.25000000E-01       -7.22716167E-01        3.98530050E-03    
   -2.50000000E-01        1.25000000E-01       -5.27910474E-01        5.40353234E-03    
   -2.08333333E-01        1.25000000E-01       -2.97128596E-01        5.28904309E-03    
   -1.66666667E-01        1.25000000E-01       -4.60984979E-02        3.42989297E-03    
   -1.25000000E-01        1.25000000E-01        2.08072705E-01        7.37243434E-04    
   -8.33333333E-02        1.25000000E-01        4.48064251E-01        3.95714640E-03    
   -4.16666667E-02        1.25000000E-01        6.57521561E-01        7.38198898E-03    
    0.00000000E+00        1.25000000E-01        8.22170364E-01        9.26897214E-03    
    4.16666667E-02        1.25000000E-01        9.30789469E-01        8.88248955E-03    
    8.33333333E-02        1.25000000E-01        9.75975854E-01        6.23297418E-03    
    1.25000000E-01        1.25000000E-01        9.54649682E-01        2.19503589E-03    
    1.66666667E-01        1.25000000E-01        8.68264552E-01        2.05425260E-03    
    2.08333333E-01        1.25000000E-01        7.22708457E-01        4.89916142E-03    
    2.50000000E-01        1.25000000E-01        5.27902153E-01        6.14824452E-03    
    2.91666667E-01        1.25000000E-01        2.97122461E-01        6.68516458E-03    
    3.33333333E-01        1.25000000E-01        4.60968834E-02        7.72653812E-03    
    3.75000000E-01        1.25000000E-01       -2.08068454E-01        8.81842346E-03    
    4.16666667E-01        1.25000000E-01       -4.48054266E-01        8.68081931E-03    
    4.58333333E-01        1.25000000E-01       -6.57507633E-01        6.87036682E-03    
    5.00000000E-01        1.25000000E-01       -8.22155562E-01        4.03426207E-03    
   -5.00000000E-01        1.66666667E-01       -7.47753698E-01        2.73401018E-03    
   -4.58333333E-01        1.66666667E-01       -8.46546905E-01        2.19586294E-03    
   -4.16666667E-01        1.66666667E-01       -8.87650559E-01        2.59426841E-03    
   -3.75000000E-01        1.66666667E-01       -8.68261672E-01        1.86474055E-03    
   -3.33333333E-01        1.66666667E-01       -7.89700185E-01        2.72793324E-04    
   -2.91666667E-01        1.66666667E-01       -6.57319629E-01        2.07238377E-03    
   -2.50000000E-01        1.66666667E-01       -4.80142205E-01        3.18973531E-03    
   -2.08333333E-01        1.66666667E-01       -2.70243318E-01        2.67807122E-03    
   -1.66666667E-01        1.66666667E-01       -4.19279547E-02        1.12262581E-03    
   -1.25000000E-01        1.66666667E-01        1.89244507E-01        3.97761868E-03    
   -8.33333333E-02        1.66666667E-01        4.07520455E-01        8.19514925E-03    
   -4.16666667E-02        1.66666667E-01        5.98025135E-01        1.17913524E-02    
    0.00000000E+00        1.66666667E-01        7.47775919E-01        1.36210732E-02    
    4.16666667E-02        1.66666667E-01        8.46566973E-01        1.30180129E-02    
    8.33333333E-02        1.66666667E-01        8.87665071E-01        1.01191517E-02    
    1.25000000E-01        1.66666667E-01        8.68268932E-01        6.02441804E-03    
    1.66666667E-01        1.66666667E-01        7.89700539E-01        2.96947513E-03    
    2.08333333E-01        1.66666667E-01        6.57315147E-01        3.06313895E-03    
    2.50000000E-01        1.66666667E-01        4.80136034E-01        2.94802107E-03    
    2.91666667E-01        1.66666667E-01        2.70238961E-01        1.84151457E-03    
    3.33333333E-01        1.66666667E-01        4.19285512E-02        3.16499138E-03    
    3.75000000E-01        1.66666667E-01       -1.89236923E-01        5.23289969E-03    
    4.16666667E-01        1.66666667E-01       -4.07505625E-01        5.82568474E-03    
    4.58333333E-01        1.66666667E-01       -5.98004866E-01        4.66122482E-03    
    5.00000000E-01        1.66666667E-01       -7.47753698E-01        2.73401020E-03    
   -5.00000000E-01        2.08333333E-01       -6.22393355E-01        3.41455864E-03    
   -4.58333333E-01        2.08333333E-01       -7.04625205E-01        4.58440360E-03    
   -4.16666667E-01        2.08333333E-01       -7.38839674E-01        5.05042244E-03    
   -3.75000000E-01        2.08333333E-01       -7.22703173E-01        4.09085925E-03    
   -3.33333333E-01        2.08333333E-01       -6.57313725E-01        2.08744576E-03    
   -2.91666667E-01        2.08333333E-01       -5.47126875E-01        3.50308832E-04    
   -2.50000000E-01        2.08333333E-01       -3.99652121E-01        1.07283056E-03    
   -2.08333333E-01        2.08333333E-01       -2.24940616E-01        9.12281755E-04    
   -1.66666667E-01        2.08333333E-01       -3.48994802E-02        3.02694673E-03    
   -1.25000000E-01        2.08333333E-01        1.57520062E-01        7.04408239E-03    
   -8.33333333E-02        2.08333333E-01        3.39205206E-01        1.14691186E-02    
   -4.16666667E-02        2.08333333E-01        4.97774745E-01        1.50560456E-02    
    0.00000000E+00        2.08333333E-01        6.22422393E-01        1.66996136E-02    
    4.16666667E-02        2.08333333E-01        7.04653075E-01        1.57804741E-02    
    8.33333333E-02        2.08333333E-01        7.38862085E-01        1.25091365E-02    
    1.25000000E-01        2.08333333E-01        7.22717519E-01        8.10586451E-03    
    1.66666667E-01        2.08333333E-01        6.57319656E-01        4.85589435E-03    
    2.08333333E-01        2.08333333E-01        5.47126171E-01        4.47349703E-03    
    2.50000000E-01        2.08333333E-01        3.99648120E-01        4.29328243E-03    
    2.91666667E-01        2.08333333E-01        2.24937444E-01        2.70896202E-03    
    3.33333333E-01        2.08333333E-01        3.49011640E-02        1.34533703E-03    
    3.75000000E-01        2.08333333E-01       -1.57510576E-01        2.74831498E-03    
    4.16666667E-01        2.08333333E-01       -3.39186964E-01        3.46974225E-03    
    4.58333333E-01        2.08333333E-01       -4.97749266E-01        3.15457162E-03    
    5.00000000E-01        2.08333333E-01       -6.22393355E-01        3.41455864E-03    
   -5.00000000E-01        2.50000000E-01       -4.54618842E-01        5.22250612E-03    
   -4.58333333E-01        2.50000000E-01       -5.14685257E-01        6.64846818E-03    
   -4.16666667E-01        2.50000000E-01       -5.39678853E-01        6.86087497E-03    
   -3.75000000E-01        2.50000000E-01       -5.27894376E-01        5.54903017E-03    
   -3.33333333E-01        2.50000000E-01       -4.80133028E-01        3.26185497E-03    
   -2.91666667E-01        2.50000000E-01       -3.99648731E-01        1.09355815E-03    
   -2.50000000E-01        2.50000000E-01       -2.91926577E-01        9.99840063E-05    
   -2.08333333E-01        2.50000000E-01       -1.64308563E-01        1.19959686E-03    
   -1.66666667E-01        2.50000000E-01       -2.54925220E-02        4.13291633E-03    
   -1.25000000E-01        2.50000000E-01        1.15061103E-01        8.35528323E-03    
   -8.33333333E-02        2.50000000E-01        2.47773974E-01        1.28335929E-02    
   -4.16666667E-02        2.50000000E-01        3.63602216E-01        1.63619757E-02    
    0.00000000E+00        2.50000000E-01        4.54652290E-01        1.78555293E-02    
    4.16666667E-02        2.50000000E-01        5.14718726E-01        1.67008866E-02    
    8.33333333E-02        2.50000000E-01        5.39707204E-01        1.30864147E-02    
    1.25000000E-01        2.50000000E-01        5.27914059E-01        8.17896789E-03    
    1.66666667E-01        2.50000000E-01        4.80142914E-01        4.37816788E-03    
    2.08333333E-01        2.50000000E-01        3.99650192E-01        4.44671927E-03    
    2.50000000E-01        2.50000000E-01        2.91923021E-01        5.16660882E-03    
    2.91666667E-01        2.50000000E-01        1.64304645E-01        4.40433993E-03    
    3.33333333E-01        2.50000000E-01        2.54931211E-02        2.95082761E-03    
    3.75000000E-01        2.50000000E-01       -1.15052099E-01        2.36860659E-03    
    4.16666667E-01        2.50000000E-01       -2.47754834E-01        2.72658134E-03    
    4.58333333E-01        2.50000000E-01       -3.63574049E-01        3.62011813E-03    
    5.00000000E-01        2.50000000E-01       -4.54618842E-01        5.22250612E-03    
   -5.00000000E-01        2.91666667E-01       -2.55864280E-01        6.20256390E-03    
   -4.58333333E-01        2.91666667E-01       -2.89672127E-01        7.43897040E-03    
   -4.16666667E-01        2.91666667E-01       -3.03741890E-01        7.22317240E-03    
   -3.75000000E-01        2.91666667E-01       -2.97112698E-01        5.46452647E-03    
   -3.33333333E-01        2.91666667E-01       -2.70234238E-01        2.91077805E-03    
   -2.91666667E-01        2.91666667E-01       -2.24937067E-01        1.17580419E-03    
   -2.50000000E-01        2.91666667E-01       -1.64308161E-01        1.25587284E-03    
   -2.08333333E-01        2.91666667E-01       -9.24801409E-02        8.25201441E-04    
   -1.66666667E-01        2.91666667E-01       -1.43489006E-02        3.26984441E-03    
   -1.25000000E-01        2.91666667E-01        6.47605828E-02        7.48712311E-03    
   -8.33333333E-02        2.91666667E-01        1.39457206E-01        1.19911270E-02    
   -4.16666667E-02        2.91666667E-01        2.04650778E-01        1.55812581E-02    
    0.00000000E+00        2.91666667E-01        2.55898437E-01        1.71909181E-02    
    4.16666667E-02        2.91666667E-01        2.89707179E-01        1.61786681E-02    
    8.33333333E-02        2.91666667E-01        3.03772049E-01        1.26294756E-02    
    1.25000000E-01        2.91666667E-01        2.97133709E-01        7.47097075E-03    
    1.66666667E-01        2.91666667E-01        2.70244393E-01        2.44147970E-03    
    2.08333333E-01        2.91666667E-01        2.24937442E-01        2.70895436E-03    
    2.50000000E-01        2.91666667E-01        1.64302234E-01        4.47547152E-03    
    2.91666667E-01        2.91666667E-01        9.24729788E-02        4.36607367E-03    
    3.33333333E-01        2.91666667E-01        1.43460282E-02        3.17194805E-03    
    3.75000000E-01        2.91666667E-01       -6.47545704E-02        2.25216807E-03    
    4.16666667E-01        2.91666667E-01       -1.39439998E-01        2.71224579E-03    
    4.58333333E-01        2.91666667E-01       -2.04623188E-01        4.29894967E-03    
    5.00000000E-01        2.91666667E-01       -2.55864280E-01        6.20256390E-03    
   -5.00000000E-01        3.33333333E-01       -3.96742546E-02        5.88743953E-03    
   -4.58333333E-01        3.33333333E-01       -4.49203455E-02        6.68773721E-03    
   -4.16666667E-01        3.33333333E-01       -4.71081572E-02        5.91678804E-03    
   -3.75000000E-01        3.33333333E-01       -4.60864745E-02        3.73552402E-03    
   -3.33333333E-01        3.33333333E-01       -4.19226978E-02        1.89237078E-03    
   -2.91666667E-01        3.33333333E-01       -3.48992790E-02        3.22804332E-03    
   -2.50000000E-01        3.33333333E-01       -2.54948370E-02        4.18982769E-03    
   -2.08333333E-01        3.33333333E-01       -1.43511557E-02        3.30694627E-03    
   -1.66666667E-01        3.33333333E-01       -2.22868866E-03        1.71333738E-03    
   -1.25000000E-01        3.33333333E-01        1.00458721E-02        4.75918112E-03    
   -8.33333333E-02        3.33333333E-01        2.16360548E-02        9.24617476E-03    
   -4.16666667E-02        3.33333333E-01        3.17522760E-02        1.31032058E-02    
    0.00000000E+00        3.33333333E-01        3.97051587E-02        1.52365671E-02    
    4.16666667E-02        3.33333333E-01        4.49522191E-02        1.49564177E-02    
    8.33333333E-02        3.33333333E-01        4.71349444E-02        1.22292450E-02    
    1.25000000E-01        3.33333333E-01        4.61037030E-02        7.81708843E-03    
    1.66666667E-01        3.33333333E-01        4.19285527E-02        3.16496938E-03    
    2.08333333E-01        3.33333333E-01        3.48948688E-02        1.73349395E-03    
    2.50000000E-01        3.33333333E-01        2.54837999E-02        3.31790989E-03    
    2.91666667E-01        3.33333333E-01        1.43388096E-02        3.38065751E-03    
    3.33333333E-01        3.33333333E-01        2.22082618E-03        2.33556397E-03    
    3.75000000E-01        3.33333333E-01       -1.00444389E-02        1.41532381E-03    
    4.16666667E-01        3.33333333E-01       -2.16229084E-02        2.28319032E-03    
    4.58333333E-01        3.33333333E-01       -3.17282618E-02        4.12503014E-03    
    5.00000000E-01        3.33333333E-01       -3.96742546E-02        5.88743953E-03    
   -5.00000000E-01        3.75000000E-01        1.79218901E-01        4.47161424E-03    
   -4.58333333E-01        3.75000000E-01        2.02890968E-01        4.67924243E-03    
   -4.16666667E-01        3.75000000E-01        2.12733184E-01        3.31969557E-03    
   -3.75000000E-01        3.75000000E-01        2.08077054E-01        1.66995939E-03    
   -3.33333333E-01        3.75000000E-01        1.89242197E-01        4.15360508E-03    
   -2.91666667E-01        3.75000000E-01        1.57513496E-01        7.02404975E-03    
   -2.50000000E-01        3.75000000E-01        1.15053156E-01        8.31377147E-03    
   -2.08333333E-01        3.75000000E-01        6.47537533E-02        7.48079637E-03    
   -1.66666667E-01        3.75000000E-01        1.00419229E-02        4.78113396E-03    
   -1.25000000E-01        3.75000000E-01       -4.53544957E-02        2.13323650E-03    
   -8.33333333E-02        3.75000000E-01       -9.76603408E-02        5.25956354E-03    
   -4.16666667E-02        3.75000000E-01       -1.43310726E-01        9.43308876E-03    
    0.00000000E+00        3.75000000E-01       -1.79194503E-01        1.23786081E-02    
    4.16666667E-02        3.75000000E-01       -2.02866621E-01        1.32645526E-02    
    8.33333333E-02        3.75000000E-01       -2.12714699E-01        1.18882768E-02    
    1.25000000E-01        3.75000000E-01       -2.08068449E-01        8.81827824E-03    
    1.66666667E-01        3.75000000E-01       -1.89244747E-01        5.30983343E-03    
    2.08333333E-01        3.75000000E-01       -1.57525613E-01        3.01222331E-03    
    2.50000000E-01        3.75000000E-01       -1.15070907E-01        2.58099827E-03    
    2.91666667E-01        3.75000000E-01       -6.47717924E-02        2.23146658E-03    
    3.33333333E-01        3.75000000E-01       -1.00547031E-02        1.27588619E-03    
    3.75000000E-01        3.75000000E-01        4.53513332E-02        1.00009018E-04    
    4.16666667E-01        3.75000000E-01        9.76686737E-02        1.48918000E-03    
    4.58333333E-01        3.75000000E-01        1.43329228E-01        3.14337917E-03    
    5.00000000E-01        3.75000000E-01        1.79218901E-01        4.47161422E-03    
   -5.00000000E-01        4.16666667E-01        3.85898590E-01        2.57717490E-03    
   -4.58333333E-01        4.16666667E-01        4.36874396E-01        2.13054932E-03    
   -4.16666667E-01        4.16666667E-01        4.58074818E-01        6.32988333E-04    
   -3.75000000E-01        4.16666667E-01        4.48057463E-01        3.76219118E-03    
   -3.33333333E-01        4.16666667E-01        4.07507326E-01        7.80138338E-03    
   -2.91666667E-01        4.16666667E-01        3.39189034E-01        1.10717456E-02    
   -2.50000000E-01        4.16666667E-01        2.47758094E-01        1.25544576E-02    
   -2.08333333E-01        4.16666667E-01        1.39444096E-01        1.18570222E-02    
   -1.66666667E-01        4.16666667E-01        2.16270584E-02        9.21100613E-03    
   -1.25000000E-01        4.16666667E-01       -9.76647830E-02        5.25724551E-03    
   -8.33333333E-02        4.16666667E-01       -2.10301895E-01        1.82797354E-03    
   -4.16666667E-02        4.16666667E-01       -3.08607795E-01        5.00446430E-03    
    0.00000000E+00        4.16666667E-01       -3.85882746E-01        8.68784604E-03    
    4.16666667E-02        4.16666667E-01       -4.36860733E-01        1.07284474E-02    
    8.33333333E-02        4.16666667E-01       -4.58068329E-01        1.06454942E-02    
    1.25000000E-01        4.16666667E-01       -4.48060999E-01        8.70418832E-03    
    1.66666667E-01        4.16666667E-01       -4.07520955E-01        5.80473636E-03    
    2.08333333E-01        4.16666667E-01       -3.39210244E-01        3.10801477E-03    
    2.50000000E-01        4.16666667E-01       -2.47782562E-01        1.67452864E-03    
    2.91666667E-01        4.16666667E-01       -1.39466722E-01        1.68191618E-03    
    3.33333333E-01        4.16666667E-01       -2.16431125E-02        1.90578303E-03    
    3.75000000E-01        4.16666667E-01        9.76584908E-02        1.80921459E-03    
    4.16666667E-01        4.16666667E-01        2.10306035E-01        1.55205671E-03    
    4.58333333E-01        4.16666667E-01        3.08620118E-01        1.96831349E-03    
    5.00000000E-01        4.16666667E-01        3.85898590E-01        2.57717490E-03    
   -5.00000000E-01        4.58333333E-01        5.66280174E-01        1.23485389E-03    
   -4.58333333E-01        4.58333333E-01        6.41084798E-01        5.55739419E-04    
   -4.16666667E-01        4.58333333E-01        6.72197764E-01        2.51066806E-03    
   -3.75000000E-01        4.58333333E-01        6.57501307E-01        6.40923294E-03    
   -3.33333333E-01        4.58333333E-01        5.97999228E-01        1.06935562E-02    
   -2.91666667E-01        4.58333333E-01        4.97747447E-01        1.40974499E-02    
   -2.50000000E-01        4.58333333E-01        3.63577339E-01        1.57017950E-02    
   -2.08333333E-01        4.58333333E-01        2.04630760E-01        1.52341688E-02    
   -1.66666667E-01        4.58333333E-01        3.17380113E-02        1.29718620E-02    
   -1.25000000E-01        4.58333333E-01       -1.43319454E-01        9.39267357E-03    
   -8.33333333E-02        4.58333333E-01       -3.08611715E-01        4.97729707E-03    
   -4.16666667E-02        4.58333333E-01       -4.52873749E-01        1.04768040E-03    
    0.00000000E+00        4.58333333E-01       -5.66273723E-01        4.35263771E-03    
    4.16666667E-02        4.58333333E-01       -6.41083473E-01        7.18992871E-03    
    8.33333333E-02        4.58333333E-01       -6.72205217E-01        8.02503057E-03    
    1.25000000E-01        4.58333333E-01       -6.57518616E-01        6.83951524E-03    
    1.66666667E-01        4.58333333E-01       -5.98024735E-01        4.29429510E-03    
    2.08333333E-01        4.58333333E-01       -4.97777421E-01        1.47389096E-03    
    2.50000000E-01        4.58333333E-01       -3.63607073E-01        1.61749999E-03    
    2.91666667E-01        4.58333333E-01       -2.04655708E-01        3.24127732E-03    
    3.33333333E-01        4.58333333E-01       -3.17547837E-02        3.96710684E-03    
    3.75000000E-01        4.58333333E-01        1.43312275E-01        3.71442099E-03    
    4.16666667E-01        4.58333333E-01        3.08613073E-01        2.71088661E-03    
    4.58333333E-01        4.58333333E-01        4.52880177E-01        1.66911750E-03    
    5.00000000E-01        4.58333333E-01        5.66280174E-01        1.23485389E-03    
   -5.00000000E-01        5.00000000E-01        7.08070887E-01        1.05752843E-03    
   -4.58333333E-01        5.00000000E-01        8.01605942E-01        1.48303151E-03    
   -4.16666667E-01        5.00000000E-01        8.40510668E-01        3.63406575E-03    
   -3.75000000E-01        5.00000000E-01        8.22136419E-01        7.47043533E-03    
   -3.33333333E-01        5.00000000E-01        7.47737471E-01        1.17096788E-02    
   -2.91666667E-01        5.00000000E-01        6.22384579E-01        1.50678244E-02    
   -2.50000000E-01        5.00000000E-01        4.54619284E-01        1.67318646E-02    
   -2.08333333E-01        5.00000000E-01        2.55872528E-01        1.65909734E-02    
   -1.66666667E-01        5.00000000E-01        3.96867030E-02        1.50030975E-02    
   -1.25000000E-01        5.00000000E-01       -1.79206429E-01        1.23085361E-02    
   -8.33333333E-02        5.00000000E-01       -3.85889509E-01        8.65317548E-03    
   -4.16666667E-02        5.00000000E-01       -5.66276576E-01        4.31839768E-03    
    0.00000000E+00        5.00000000E-01       -7.08073652E-01        3.18158279E-04    
    4.16666667E-02        5.00000000E-01       -8.01617053E-01        3.24689813E-03    
    8.33333333E-02        5.00000000E-01       -8.40532058E-01        4.59818534E-03    
    1.25000000E-01        5.00000000E-01       -8.22167045E-01        3.87606598E-03    
    1.66666667E-01        5.00000000E-01       -7.47773721E-01        1.59459546E-03    
    2.08333333E-01        5.00000000E-01       -6.22421456E-01        1.33944461E-03    
    2.50000000E-01        5.00000000E-01       -4.54651846E-01        3.92286596E-03    
    2.91666667E-01        5.00000000E-01       -2.55897083E-01        5.54856404E-03    
    3.33333333E-01        5.00000000E-01       -3.97015822E-02        5.92300441E-03    
    3.75000000E-01        5.00000000E-01        1.79200524E-01        5.06989239E-03    
    4.16666667E-01        5.00000000E-01        3.85889567E-01        3.35696549E-03    
    4.58333333E-01        5.00000000E-01        5.66277864E-01        1.60889336E-03    
    5.00000000E-01        5.00000000E-01        7.08070887E-01        1.05752843E-03    
