Model dump (x mu nu), grid of 25x25=625 pts
Model parameter values (noise variance lengthscales [periods]): (1e-12, 999.99997, [1.0, 5.9692717], [999.99997, 1.0])
   -5.00000000E-01       -5.00000000E-01        7.08070871E-01        1.05760530E-03    
   -4.58333333E-01       -5.00000000E-01        8.01611077E-01        4.43035302E-03    
   -4.16666667E-01       -5.00000000E-01        8.40521039E-01        9.18138117E-03    
   -3.75000000E-01       -5.00000000E-01        8.22150699E-01        1.38053742E-02    
   -3.33333333E-01       -5.00000000E-01        7.47753336E-01        1.74206966E-02    
   -2.91666667E-01       -5.00000000E-01        6.22399492E-01        1.93398460E-02    
   -2.50000000E-01       -5.00000000E-01        4.54631301E-01        1.93749258E-02    
   -2.08333333E-01       -5.00000000E-01        2.55880789E-01        1.78990011E-02    
   -1.66666667E-01       -5.00000000E-01        3.96914536E-02        1.54922478E-02    
   -1.25000000E-01       -5.00000000E-01       -1.79204238E-01        1.24368349E-02    
   -8.33333333E-02       -5.00000000E-01       -3.85888764E-01        8.67438501E-03    
   -4.16666667E-02       -5.00000000E-01       -5.66276426E-01        4.32012024E-03    
    0.00000000E+00       -5.00000000E-01       -7.08073651E-01        3.18160423E-04    
    4.16666667E-02       -5.00000000E-01       -8.01617046E-01        3.24690224E-03    
    8.33333333E-02       -5.00000000E-01       -8.40531991E-01        4.59850652E-03    
    1.25000000E-01       -5.00000000E-01       -8.22166868E-01        3.87875808E-03    
    1.66666667E-01       -5.00000000E-01       -7.47773460E-01        1.60856023E-03    
    2.08333333E-01       -5.00000000E-01       -6.22421376E-01        1.34103785E-03    
    2.50000000E-01       -5.00000000E-01       -4.54652499E-01        3.95867395E-03    
    2.91666667E-01       -5.00000000E-01       -2.55899140E-01        5.79503166E-03    
    3.33333333E-01       -5.00000000E-01       -3.97054299E-02        6.69833050E-03    
    3.75000000E-01       -5.00000000E-01        1.79195211E-01        6.66024173E-03    
    4.16666667E-01       -5.00000000E-01        3.85884034E-01        5.61257658E-03    
    4.58333333E-01       -5.00000000E-01        5.66274065E-01        3.48264345E-03    
    5.00000000E-01       -5.00000000E-01        7.08070871E-01        1.05760530E-03    
   -5.00000000E-01       -4.58333333E-01        8.01612803E-01        4.43684260E-03    
   -4.58333333E-01       -4.58333333E-01        9.07509867E-01        9.11902693E-03    
   -4.16666667E-01       -4.58333333E-01        9.51560509E-01        1.36778514E-02    
   -3.75000000E-01       -4.58333333E-01        9.30764364E-01        1.74784448E-02    
   -3.33333333E-01       -4.58333333E-01        8.46539816E-01        1.98613748E-02    
   -2.91666667E-01       -4.58333333E-01        7.04626774E-01        2.04190818E-02    
   -2.50000000E-01       -4.58333333E-01        5.14695521E-01        1.93215626E-02    
   -2.08333333E-01       -4.58333333E-01        2.89688242E-01        1.73511486E-02    
   -1.66666667E-01       -4.58333333E-01        4.49377242E-02        1.53393551E-02    
   -1.25000000E-01       -4.58333333E-01       -2.02877103E-01        1.33380247E-02    
   -8.33333333E-02       -4.58333333E-01       -4.36867798E-01        1.07131182E-02    
   -4.16666667E-02       -4.58333333E-01       -6.41087653E-01        7.15844871E-03    
    0.00000000E+00       -4.58333333E-01       -8.01618838E-01        3.22434827E-03    
    4.16666667E-02       -4.58333333E-01       -9.07521143E-01        1.06207808E-04    
    8.33333333E-02       -4.58333333E-01       -9.51577562E-01        1.56205433E-03    
    1.25000000E-01       -4.58333333E-01       -9.30785958E-01        1.11107825E-03    
    1.66666667E-01       -4.58333333E-01       -8.46563402E-01        1.01691445E-03    
    2.08333333E-01       -4.58333333E-01       -7.04649394E-01        3.69965264E-03    
    2.50000000E-01       -4.58333333E-01       -5.14714700E-01        6.06590063E-03    
    2.91666667E-01       -4.58333333E-01       -2.89702521E-01        7.40245798E-03    
    3.33333333E-01       -4.58333333E-01       -4.49468357E-02        7.41733920E-03    
    3.75000000E-01       -4.58333333E-01        2.02872266E-01        6.09797986E-03    
    4.16666667E-01       -4.58333333E-01        4.36865294E-01        3.56490550E-03    
    4.58333333E-01       -4.58333333E-01        6.41084792E-01        5.55777467E-04    
    5.00000000E-01       -4.58333333E-01        8.01612803E-01        4.43684260E-03    
   -5.00000000E-01       -4.16666667E-01        8.40526559E-01        9.20845072E-03    
   -4.58333333E-01       -4.16666667E-01        9.51563936E-01        1.36989729E-02    
   -4.16666667E-01       -4.16666667E-01        9.97753401E-01        1.74245687E-02    
   -3.75000000E-01       -4.16666667E-01        9.75948781E-01        1.98919515E-02    
   -3.33333333E-01       -4.16666667E-01        8.87636916E-01        2.06528600E-02    
   -2.91666667E-01       -4.16666667E-01        7.38835890E-01        1.95326754E-02    
   -2.50000000E-01       -4.16666667E-01        5.39685081E-01        1.69909656E-02    
   -2.08333333E-01       -4.16666667E-01        3.03754822E-01        1.42708667E-02    
   -1.66666667E-01       -4.16666667E-01        4.71223125E-02        1.26651874E-02    
   -1.25000000E-01       -4.16666667E-01       -2.12723636E-01        1.19309220E-02    
   -8.33333333E-02       -4.16666667E-01       -4.58074516E-01        1.06112218E-02    
   -4.16666667E-02       -4.16666667E-01       -6.72209321E-01        7.98244415E-03    
    0.00000000E+00       -4.16666667E-01       -8.40534464E-01        4.56748258E-03    
    4.16666667E-02       -4.16666667E-01       -9.51578536E-01        1.55246257E-03    
    8.33333333E-02       -4.16666667E-01       -9.97774051E-01        1.06760845E-04    
    1.25000000E-01       -4.16666667E-01       -9.75972994E-01        4.13528733E-04    
    1.66666667E-01       -4.16666667E-01       -8.87661151E-01        2.26936044E-03    
    2.08333333E-01       -4.16666667E-01       -7.38856727E-01        4.69954164E-03    
    2.50000000E-01       -4.16666667E-01       -5.39700232E-01        6.62540933E-03    
    2.91666667E-01       -4.16666667E-01       -3.03763620E-01        7.27472142E-03    
    3.33333333E-01       -4.16666667E-01       -4.71256681E-02        6.32799358E-03    
    3.75000000E-01       -4.16666667E-01        2.12723576E-01        3.85885675E-03    
    4.16666667E-01       -4.16666667E-01        4.58074820E-01        6.33022367E-04    
    4.58333333E-01       -4.16666667E-01        6.72206835E-01        4.46465217E-03    
    5.00000000E-01       -4.16666667E-01        8.40526559E-01        9.20845072E-03    
   -5.00000000E-01       -3.75000000E-01        8.22159869E-01        1.38437229E-02    
   -4.58333333E-01       -3.75000000E-01        9.30770854E-01        1.75148899E-02    
   -4.16666667E-01       -3.75000000E-01        9.75951610E-01        1.99108582E-02    
   -3.75000000E-01       -3.75000000E-01        9.54624575E-01        2.07510641E-02    
   -3.33333333E-01       -3.75000000E-01        8.68243724E-01        1.98242592E-02    
   -2.91666667E-01       -3.75000000E-01        7.22695191E-01        1.71010416E-02    
   -2.50000000E-01       -3.75000000E-01        5.27896462E-01        1.30985815E-02    
   -2.08333333E-01       -3.75000000E-01        2.97121249E-01        9.35367720E-03    
   -1.66666667E-01       -3.75000000E-01        4.60955912E-02        8.10317381E-03    
   -1.25000000E-01       -3.75000000E-01       -2.08073565E-01        8.79006046E-03    
   -8.33333333E-02       -3.75000000E-01       -4.48064386E-01        8.66462386E-03    
   -4.16666667E-02       -3.75000000E-01       -6.57521063E-01        6.78732296E-03    
    0.00000000E+00       -3.75000000E-01       -8.22168844E-01        3.82027058E-03    
    4.16666667E-02       -3.75000000E-01       -9.30786988E-01        1.07485800E-03    
    8.33333333E-02       -3.75000000E-01       -9.75973355E-01        4.12231142E-04    
    1.25000000E-01       -3.75000000E-01       -9.54648658E-01        9.89777702E-05    
    1.66666667E-01       -3.75000000E-01       -8.68266147E-01        1.78675877E-03    
    2.08333333E-01       -3.75000000E-01       -7.22712525E-01        3.96777069E-03    
    2.50000000E-01       -3.75000000E-01       -5.27906867E-01        5.45893388E-03    
    2.91666667E-01       -3.75000000E-01       -2.97124836E-01        5.48772835E-03    
    3.33333333E-01       -3.75000000E-01       -4.60941749E-02        3.84540230E-03    
    3.75000000E-01       -3.75000000E-01        2.08077052E-01        1.67004044E-03    
    4.16666667E-01       -3.75000000E-01        4.48066554E-01        4.63462287E-03    
    4.58333333E-01       -3.75000000E-01        6.57518751E-01        9.32553015E-03    
    5.00000000E-01       -3.75000000E-01        8.22159869E-01        1.38437229E-02    
   -5.00000000E-01       -3.33333333E-01        7.47764433E-01        1.74531714E-02    
   -4.58333333E-01       -3.33333333E-01        8.46547631E-01        1.98962560E-02    
   -4.16666667E-01       -3.33333333E-01        8.87640799E-01        2.06760272E-02    
   -3.75000000E-01       -3.33333333E-01        8.68244730E-01        1.98326696E-02    
   -3.33333333E-01       -3.33333333E-01        7.89681470E-01        1.74885874E-02    
   -2.91666667E-01       -3.33333333E-01        6.57304091E-01        1.37499762E-02    
   -2.50000000E-01       -3.33333333E-01        4.80132354E-01        8.92296608E-03    
   -2.08333333E-01       -3.33333333E-01        2.70238812E-01        4.03596941E-03    
   -1.66666667E-01       -3.33333333E-01        4.19267205E-02        3.15430778E-03    
   -1.25000000E-01       -3.33333333E-01       -1.89244562E-01        5.46294914E-03    
   -8.33333333E-02       -3.33333333E-01       -4.07520270E-01        5.94735896E-03    
   -4.16666667E-02       -3.33333333E-01       -5.98024425E-01        4.31964768E-03    
    0.00000000E+00       -3.33333333E-01       -7.47773993E-01        1.53310328E-03    
    4.16666667E-02       -3.33333333E-01       -8.46563710E-01        1.05253120E-03    
    8.33333333E-02       -3.33333333E-01       -8.87661358E-01        2.28678287E-03    
    1.25000000E-01       -3.33333333E-01       -8.68266305E-01        1.79358625E-03    
    1.66666667E-01       -3.33333333E-01       -7.89700229E-01        2.83948980E-04    
    2.08333333E-01       -3.33333333E-01       -6.57317082E-01        2.05643475E-03    
    2.50000000E-01       -3.33333333E-01       -4.80138391E-01        3.22866888E-03    
    2.91666667E-01       -3.33333333E-01       -2.70238671E-01        2.90176550E-03    
    3.33333333E-01       -3.33333333E-01       -4.19227091E-02        1.89244476E-03    
    3.75000000E-01       -3.33333333E-01        1.89249324E-01        4.44655854E-03    
    4.16666667E-01       -3.33333333E-01        4.07522557E-01        8.95488054E-03    
    4.58333333E-01       -3.33333333E-01        5.98021551E-01        1.36000850E-02    
    5.00000000E-01       -3.33333333E-01        7.47764433E-01        1.74531714E-02    
   -5.00000000E-01       -2.91666667E-01        6.22410397E-01        1.93555396E-02    
   -4.58333333E-01       -2.91666667E-01        7.04633987E-01        2.04383436E-02    
   -4.16666667E-01       -2.91666667E-01        7.38839066E-01        1.95451731E-02    
   -3.75000000E-01       -2.91666667E-01        7.22695580E-01        1.71054384E-02    
   -3.33333333E-01       -2.91666667E-01        6.57303603E-01        1.37510453E-02    
   -2.91666667E-01       -2.91666667E-01        5.47118374E-01        9.94517632E-03    
   -2.50000000E-01       -2.91666667E-01        3.99647272E-01        5.97701962E-03    
   -2.08333333E-01       -2.91666667E-01        2.24939007E-01        2.69944639E-03    
   -1.66666667E-01       -2.91666667E-01        3.48993688E-02        3.01146755E-03    
   -1.25000000E-01       -2.91666667E-01       -1.57520150E-01        4.33591911E-03    
   -8.33333333E-02       -2.91666667E-01       -3.39205471E-01        3.95868572E-03    
   -4.16666667E-02       -2.91666667E-01       -4.97774241E-01        1.94282345E-03    
    0.00000000E+00       -2.91666667E-01       -6.22419999E-01        1.48437821E-03    
    4.16666667E-02       -2.91666667E-01       -7.04648556E-01        3.76151885E-03    
    8.33333333E-02       -2.91666667E-01       -7.38856525E-01        4.72411009E-03    
    1.25000000E-01       -2.91666667E-01       -7.22712855E-01        3.97335022E-03    
    1.66666667E-01       -2.91666667E-01       -6.57317573E-01        2.06477523E-03    
    2.08333333E-01       -2.91666667E-01       -5.47126927E-01        3.63268680E-04    
    2.50000000E-01       -2.91666667E-01       -3.99649970E-01        1.08516571E-03    
    2.91666667E-01       -2.91666667E-01       -2.24937079E-01        1.17583696E-03    
    3.33333333E-01       -2.91666667E-01       -3.48951594E-02        3.29835974E-03    
    3.75000000E-01       -2.91666667E-01        1.57523909E-01        7.35034609E-03    
    4.16666667E-01       -2.91666667E-01        3.39206266E-01        1.20573397E-02    
    4.58333333E-01       -2.91666667E-01        4.97770226E-01        1.63663693E-02    
    5.00000000E-01       -2.91666667E-01        6.22410397E-01        1.93555396E-02    
   -5.00000000E-01       -2.50000000E-01        4.54640532E-01        1.93743640E-02    
   -4.58333333E-01       -2.50000000E-01        5.14700994E-01        1.93217447E-02    
   -4.16666667E-01       -2.50000000E-01        5.39686715E-01        1.69857973E-02    
   -3.75000000E-01       -2.50000000E-01        5.27895673E-01        1.30910548E-02    
   -3.33333333E-01       -2.50000000E-01        4.80131064E-01        8.92099598E-03    
   -2.91666667E-01       -2.50000000E-01        3.99646714E-01        5.98008244E-03    
   -2.50000000E-01       -2.50000000E-01        2.91926002E-01        5.14812771E-03    
   -2.08333333E-01       -2.50000000E-01        1.64308990E-01        5.46336774E-03    
   -1.66666667E-01       -2.50000000E-01        2.54926565E-02        5.61974338E-03    
   -1.25000000E-01       -2.50000000E-01       -1.15061966E-01        4.94402692E-03    
   -8.33333333E-02       -2.50000000E-01       -2.47775173E-01        3.24334450E-03    
   -4.16666667E-02       -2.50000000E-01       -3.63602089E-01        2.00244907E-03    
    0.00000000E+00       -2.50000000E-01       -4.54649335E-01        4.04284290E-03    
    4.16666667E-02       -2.50000000E-01       -5.14712747E-01        6.10549550E-03    
    8.33333333E-02       -2.50000000E-01       -5.39699706E-01        6.62465631E-03    
    1.25000000E-01       -2.50000000E-01       -5.27907632E-01        5.42745923E-03    
    1.66666667E-01       -2.50000000E-01       -4.80139904E-01        3.19185109E-03    
    2.08333333E-01       -2.50000000E-01       -3.99651305E-01        1.07232444E-03    
    2.50000000E-01       -2.50000000E-01       -2.91926577E-01        9.99851434E-05    
    2.91666667E-01       -2.50000000E-01       -1.64306956E-01        1.26479822E-03    
    3.33333333E-01       -2.50000000E-01       -2.54899938E-02        4.24359571E-03    
    3.75000000E-01       -2.50000000E-01        1.15063331E-01        8.53362926E-03    
    4.16666667E-01       -2.50000000E-01        2.47773759E-01        1.31898602E-02    
    4.58333333E-01       -2.50000000E-01        3.63597035E-01        1.71290756E-02    
    5.00000000E-01       -2.50000000E-01        4.54640532E-01        1.93743640E-02    
   -5.00000000E-01       -2.08333333E-01        2.55887879E-01        1.78921744E-02    
   -4.58333333E-01       -2.08333333E-01        2.89691899E-01        1.73405848E-02    
   -4.16666667E-01       -2.08333333E-01        3.03755183E-01        1.42530779E-02    
   -3.75000000E-01       -2.08333333E-01        2.97119848E-01        9.33452492E-03    
   -3.33333333E-01       -2.08333333E-01        2.70237562E-01        4.02788763E-03    
   -2.91666667E-01       -2.08333333E-01        2.24939003E-01        2.69940977E-03    
   -2.50000000E-01       -2.08333333E-01        1.64309823E-01        5.45284726E-03    
   -2.08333333E-01       -2.08333333E-01        9.24811555E-02        6.75691541E-03    
   -1.66666667E-01       -2.08333333E-01        1.43484293E-02        6.34870384E-03    
   -1.25000000E-01       -2.08333333E-01       -6.47625559E-02        4.63107941E-03    
   -8.33333333E-02       -2.08333333E-01       -1.39459315E-01        2.54699567E-03    
   -4.16666667E-02       -2.08333333E-01       -2.04650851E-01        3.26720852E-03    
    0.00000000E+00       -2.08333333E-01       -2.55894808E-01        5.79686958E-03    
    4.16666667E-02       -2.08333333E-01       -2.89699879E-01        7.38870593E-03    
    8.33333333E-02       -2.08333333E-01       -3.03763130E-01        7.21633675E-03    
    1.25000000E-01       -2.08333333E-01       -2.97126463E-01        5.36260320E-03    
    1.66666667E-01       -2.08333333E-01       -2.70241806E-01        2.69306691E-03    
    2.08333333E-01       -2.08333333E-01       -2.24940597E-01        9.12297644E-04    
    2.50000000E-01       -2.08333333E-01       -1.64309421E-01        1.20898123E-03    
    2.91666667E-01       -2.08333333E-01       -9.24800438E-02        8.41086939E-04    
    3.33333333E-01       -2.08333333E-01       -1.43479595E-02        3.32985485E-03    
    3.75000000E-01       -2.08333333E-01        6.47614267E-02        7.58455962E-03    
    4.16666667E-01       -2.08333333E-01        1.39456156E-01        1.21725908E-02    
    4.58333333E-01       -2.08333333E-01        2.04645651E-01        1.59491343E-02    
    5.00000000E-01       -2.08333333E-01        2.55887879E-01        1.78921744E-02    
   -5.00000000E-01       -1.66666667E-01        3.96966382E-02        1.54909620E-02    
   -4.58333333E-01       -1.66666667E-01        4.49401310E-02        1.53320012E-02    
   -4.16666667E-01       -1.66666667E-01        4.71222269E-02        1.26502444E-02    
   -3.75000000E-01       -1.66666667E-01        4.60946116E-02        8.08877456E-03    
   -3.33333333E-01       -1.66666667E-01        4.19267299E-02        3.15422309E-03    
   -2.91666667E-01       -1.66666667E-01        3.49013345E-02        2.99968207E-03    
   -2.50000000E-01       -1.66666667E-01        2.54959661E-02        5.58782495E-03    
   -2.08333333E-01       -1.66666667E-01        1.43511639E-02        6.31964834E-03    
   -1.66666667E-01       -1.66666667E-01        2.22707810E-03        5.16706243E-03    
   -1.25000000E-01       -1.66666667E-01       -1.00487354E-02        2.81587278E-03    
   -8.33333333E-02       -1.66666667E-01       -2.16385168E-02        1.81002040E-03    
   -4.16666667E-02       -1.66666667E-01       -3.17520774E-02        4.40261776E-03    
    0.00000000E+00       -1.66666667E-01       -3.97007961E-02        6.63522164E-03    
    4.16666667E-02       -1.66666667E-01       -4.49441120E-02        7.35991288E-03    
    8.33333333E-02       -1.66666667E-01       -4.71256667E-02        6.20849763E-03    
    1.25000000E-01       -1.66666667E-01       -4.60970685E-02        3.53402879E-03    
    1.66666667E-01       -1.66666667E-01       -4.19279278E-02        1.12263609E-03    
    2.08333333E-01       -1.66666667E-01       -3.49014594E-02        3.05979547E-03    
    2.50000000E-01       -1.66666667E-01       -2.54957144E-02        4.16646319E-03    
    2.91666667E-01       -1.66666667E-01       -1.43514304E-02        3.30032740E-03    
    3.33333333E-01       -1.66666667E-01       -2.22849400E-03        1.73755053E-03    
    3.75000000E-01       -1.66666667E-01        1.00460696E-02        4.81436179E-03    
    4.16666667E-01       -1.66666667E-01        2.16349331E-02        9.32982107E-03    
    4.58333333E-01       -1.66666667E-01        3.17480291E-02        1.32501003E-02    
    5.00000000E-01       -1.66666667E-01        3.96966382E-02        1.54909620E-02    
   -5.00000000E-01       -1.25000000E-01       -1.79200613E-01        1.24445775E-02    
   -4.58333333E-01       -1.25000000E-01       -2.02875436E-01        1.33401317E-02    
   -4.16666667E-01       -1.25000000E-01       -2.12723586E-01        1.19270795E-02    
   -3.75000000E-01       -1.25000000E-01       -2.08073527E-01        8.78966162E-03    
   -3.33333333E-01       -1.25000000E-01       -1.89242697E-01        5.47593467E-03    
   -2.91666667E-01       -1.25000000E-01       -1.57515582E-01        4.33740987E-03    
   -2.50000000E-01       -1.25000000E-01       -1.15055441E-01        4.91017066E-03    
   -2.08333333E-01       -1.25000000E-01       -6.47561687E-02        4.58191284E-03    
   -1.66666667E-01       -1.25000000E-01       -1.00448521E-02        2.78056413E-03    
   -1.25000000E-01       -1.25000000E-01        4.53513335E-02        1.00010155E-04    
   -8.33333333E-02       -1.25000000E-01        9.76583133E-02        2.98297041E-03    
   -4.16666667E-02       -1.25000000E-01        1.43311653E-01        5.40270135E-03    
    0.00000000E+00       -1.25000000E-01        1.79199380E-01        6.58537669E-03    
    4.16666667E-02       -1.25000000E-01        2.02874559E-01        6.04313826E-03    
    8.33333333E-02       -1.25000000E-01        2.12722784E-01        3.70427135E-03    
    1.25000000E-01       -1.25000000E-01        2.08072724E-01        7.37246441E-04    
    1.66666667E-01       -1.25000000E-01        1.89241913E-01        4.12833340E-03    
    2.08333333E-01       -1.25000000E-01        1.57514707E-01        7.20413560E-03    
    2.50000000E-01       -1.25000000E-01        1.15054169E-01        8.46973307E-03    
    2.91666667E-01       -1.25000000E-01        6.47541993E-02        7.56052243E-03    
    3.33333333E-01       -1.25000000E-01        1.00421987E-02        4.80725179E-03    
    3.75000000E-01       -1.25000000E-01       -4.53542522E-02        2.15328613E-03    
    4.16666667E-01       -1.25000000E-01       -9.76609096E-02        5.28807639E-03    
    4.58333333E-01       -1.25000000E-01       -1.43313551E-01        9.47657676E-03    
    5.00000000E-01       -1.25000000E-01       -1.79200613E-01        1.24445775E-02    
   -5.00000000E-01       -8.33333333E-02       -3.85886595E-01        8.68380891E-03    
   -4.58333333E-01       -8.33333333E-02       -4.36866826E-01        1.07180754E-02    
   -4.16666667E-01       -8.33333333E-02       -4.58074452E-01        1.06104380E-02    
   -3.75000000E-01       -8.33333333E-02       -4.48063685E-01        8.66626271E-03    
   -3.33333333E-01       -8.33333333E-02       -4.07517138E-01        5.96293586E-03    
   -2.91666667E-01       -8.33333333E-02       -3.39199060E-01        3.98513950E-03    
   -2.50000000E-01       -8.33333333E-02       -2.47766255E-01        3.25545799E-03    
   -2.08333333E-01       -8.33333333E-02       -1.39450030E-01        2.55403503E-03    
   -1.66666667E-01       -8.33333333E-02       -2.16313282E-02        1.85653931E-03    
   -1.25000000E-01       -8.33333333E-02        9.76618594E-02        3.01958584E-03    
   -8.33333333E-02       -8.33333333E-02        2.10300815E-01        4.83174104E-03    
   -4.16666667E-02       -8.33333333E-02        3.08609447E-01        5.88617997E-03    
    0.00000000E+00       -8.33333333E-02        3.85887359E-01        5.54838066E-03    
    4.16666667E-02       -8.33333333E-02        4.36866979E-01        3.54292774E-03    
    8.33333333E-02       -8.33333333E-02        4.58073265E-01        2.26715835E-04    
    1.25000000E-01       -8.33333333E-02        4.48061010E-01        4.48597981E-03    
    1.66666667E-01       -8.33333333E-02        4.07513325E-01        8.84016452E-03    
    2.08333333E-01       -8.33333333E-02        3.39194637E-01        1.19887565E-02    
    2.50000000E-01       -8.33333333E-02        2.47761692E-01        1.31657608E-02    
    2.91666667E-01       -8.33333333E-02        1.39445737E-01        1.21777555E-02    
    3.33333333E-01       -8.33333333E-02        2.16277666E-02        9.34775489E-03    
    3.75000000E-01       -8.33333333E-02       -9.76642002E-02        5.31048761E-03    
    4.16666667E-01       -8.33333333E-02       -2.10301675E-01        1.83581952E-03    
    4.58333333E-01       -8.33333333E-02       -3.08609090E-01        4.99530850E-03    
    5.00000000E-01       -8.33333333E-02       -3.85886595E-01        8.68380891E-03    
   -5.00000000E-01       -4.16666667E-02       -5.66275647E-01        4.32289221E-03    
   -4.58333333E-01       -4.16666667E-02       -6.41087588E-01        7.15740418E-03    
   -4.16666667E-01       -4.16666667E-02       -6.72209856E-01        7.97374070E-03    
   -3.75000000E-01       -4.16666667E-02       -6.57520777E-01        6.77666739E-03    
   -3.33333333E-01       -4.16666667E-02       -5.98021558E-01        4.32316739E-03    
   -2.91666667E-01       -4.16666667E-02       -4.97767887E-01        2.01171112E-03    
   -2.50000000E-01       -4.16666667E-02       -3.63592902E-01        2.12036557E-03    
   -2.08333333E-01       -4.16666667E-02       -2.04640847E-01        3.36664953E-03    
   -1.66666667E-01       -4.16666667E-02       -3.17436524E-02        4.48514247E-03    
   -1.25000000E-01       -4.16666667E-02        1.43316911E-01        5.45637012E-03    
   -8.33333333E-02       -4.16666667E-02        3.08611458E-01        5.90740624E-03    
   -4.16666667E-02       -4.16666667E-02        4.52875424E-01        5.31951460E-03    
    0.00000000E+00       -4.16666667E-02        5.66276693E-01        3.36342611E-03    
    4.16666667E-02       -4.16666667E-02        6.41086126E-01        1.08173637E-04    
    8.33333333E-02       -4.16666667E-02        6.72204943E-01        4.45133083E-03    
    1.25000000E-01       -4.16666667E-02        6.57512616E-01        9.29613396E-03    
    1.66666667E-01       -4.16666667E-02        5.98011321E-01        1.35726302E-02    
    2.08333333E-01       -4.16666667E-02        4.97757176E-01        1.63643611E-02    
    2.50000000E-01       -4.16666667E-02        3.63583225E-01        1.71598752E-02    
    2.91666667E-01       -4.16666667E-02        2.04633337E-01        1.60026575E-02    
    3.33333333E-01       -4.16666667E-02        3.17389858E-02        1.33089099E-02    
    3.75000000E-01       -4.16666667E-02       -1.43318596E-01        9.52897657E-03    
    4.16666667E-01       -4.16666667E-02       -3.08610726E-01        5.04030809E-03    
    4.58333333E-01       -4.16666667E-02       -4.52873611E-01        1.04558727E-03    
    5.00000000E-01       -4.16666667E-02       -5.66275647E-01        4.32289221E-03    
   -5.00000000E-01        0.00000000E+00       -7.08073610E-01        3.18167212E-04    
   -4.58333333E-01        0.00000000E+00       -8.01619463E-01        3.21867187E-03    
   -4.16666667E-01        0.00000000E+00       -8.40535941E-01        4.55137884E-03    
   -3.75000000E-01        0.00000000E+00       -8.22169933E-01        3.79483122E-03    
   -3.33333333E-01        0.00000000E+00       -7.47772948E-01        1.51021151E-03    
   -2.91666667E-01        0.00000000E+00       -6.22415759E-01        1.55828522E-03    
   -2.50000000E-01        0.00000000E+00       -4.54642277E-01        4.11654954E-03    
   -2.08333333E-01        0.00000000E+00       -2.55886632E-01        5.87321948E-03    
   -1.66666667E-01        0.00000000E+00       -3.96936369E-02        6.70356472E-03    
   -1.25000000E-01        0.00000000E+00        1.79204056E-01        6.63277221E-03    
   -8.33333333E-02        0.00000000E+00        3.85889408E-01        5.57032723E-03    
   -4.16666667E-02        0.00000000E+00        5.66277106E-01        3.36802292E-03    
    0.00000000E+00        0.00000000E+00        7.08073420E-01        9.99965131E-05    
    4.16666667E-02        0.00000000E+00        8.01614410E-01        4.33352096E-03    
    8.33333333E-02        0.00000000E+00        8.40525058E-01        9.18007515E-03    
    1.25000000E-01        0.00000000E+00        8.22154039E-01        1.38375583E-02    
    1.66666667E-01        0.00000000E+00        7.47754302E-01        1.74702842E-02    
    2.08333333E-01        0.00000000E+00        6.22397232E-01        1.94072015E-02    
    2.50000000E-01        0.00000000E+00        4.54626486E-01        1.94618341E-02    
    2.91666667E-01        0.00000000E+00        2.55875363E-01        1.79996128E-02    
    3.33333333E-01        0.00000000E+00        3.96875892E-02        1.55927872E-02    
    3.75000000E-01        0.00000000E+00       -1.79205360E-01        1.25231961E-02    
    4.16666667E-01        0.00000000E+00       -3.85887618E-01        8.73948925E-03    
    4.58333333E-01        0.00000000E+00       -5.66274827E-01        4.36421926E-03    
    5.00000000E-01        0.00000000E+00       -7.08073610E-01        3.18167212E-04    
   -5.00000000E-01        4.16666667E-02       -8.01615965E-01        3.24150808E-03    
   -4.58333333E-01        4.16666667E-02       -9.07521165E-01        9.71992494E-05    
   -4.16666667E-01        4.16666667E-02       -9.51580256E-01        1.54578971E-03    
   -3.75000000E-01        4.16666667E-02       -9.30789394E-01        1.07627311E-03    
   -3.33333333E-01        4.16666667E-02       -8.46565047E-01        1.10523364E-03    
   -2.91666667E-01        4.16666667E-02       -7.04647516E-01        3.80358301E-03    
   -2.50000000E-01        4.16666667E-02       -5.14709280E-01        6.15294621E-03    
   -2.08333333E-01        4.16666667E-02       -2.89695186E-01        7.43947759E-03    
   -1.66666667E-01        4.16666667E-02       -4.49398790E-02        7.40488697E-03    
   -1.25000000E-01        4.16666667E-02        2.02877157E-01        6.07232311E-03    
   -8.33333333E-02        4.16666667E-02        4.36867865E-01        3.55371134E-03    
   -4.16666667E-02        4.16666667E-02        6.41086128E-01        1.08173111E-04    
    0.00000000E+00        4.16666667E-02        8.01614413E-01        4.33401019E-03    
    4.16666667E-02        4.16666667E-02        9.07512539E-01        9.06327664E-03    
    8.33333333E-02        4.16666667E-02        9.51563651E-01        1.36721785E-02    
    1.25000000E-01        4.16666667E-02        9.30766267E-01        1.75172231E-02    
    1.66666667E-01        4.16666667E-02        8.46538700E-01        1.99366226E-02    
    2.08333333E-01        4.16666667E-02        7.04621987E-01        2.05253895E-02    
    2.50000000E-01        4.16666667E-02        5.14688167E-01        1.94515144E-02    
    2.91666667E-01        4.16666667E-02        2.89680806E-01        1.74878671E-02    
    3.33333333E-01        4.16666667E-02        4.49328692E-02        1.54583073E-02    
    3.75000000E-01        4.16666667E-02       -2.02877911E-01        1.34237724E-02    
    4.16666667E-01        4.16666667E-02       -4.36865058E-01        1.07678260E-02    
    4.58333333E-01        4.16666667E-02       -6.41083531E-01        7.19093730E-03    
    5.00000000E-01        4.16666667E-02       -8.01615965E-01        3.24150808E-03    
   -5.00000000E-01        8.33333333E-02       -8.40527038E-01        4.60232504E-03    
   -4.58333333E-01        8.33333333E-02       -9.51574562E-01        1.57891230E-03    
   -4.16666667E-01        8.33333333E-02       -9.97774083E-01        7.97942470E-05    
   -3.75000000E-01        8.33333333E-02       -9.75975668E-01        5.12790400E-04    
   -3.33333333E-01        8.33333333E-02       -8.87664167E-01        2.35117820E-03    
   -2.91666667E-01        8.33333333E-02       -7.38858203E-01        4.77370620E-03    
   -2.50000000E-01        8.33333333E-02       -5.39699666E-01        6.66663013E-03    
   -2.08333333E-01        8.33333333E-02       -3.03761937E-01        7.25207056E-03    
   -1.66666667E-01        8.33333333E-02       -4.71244096E-02        6.23428622E-03    
   -1.25000000E-01        8.33333333E-02        2.12723358E-01        3.71603329E-03    
   -8.33333333E-02        8.33333333E-02        4.58073260E-01        2.26716337E-04    
   -4.16666667E-02        8.33333333E-02        6.72205106E-01        4.45335013E-03    
    0.00000000E+00        8.33333333E-02        8.40525986E-01        9.17412543E-03    
    4.16666667E-02        8.33333333E-02        9.51564946E-01        1.36603282E-02    
    8.33333333E-02        8.33333333E-02        9.97755010E-01        1.74097597E-02    
    1.25000000E-01        8.33333333E-02        9.75949001E-01        1.99166883E-02    
    1.66666667E-01        8.33333333E-02        8.87633900E-01        2.07207539E-02    
    2.08333333E-01        8.33333333E-02        7.38829172E-01        1.96403067E-02    
    2.50000000E-01        8.33333333E-02        5.39676152E-01        1.71268680E-02    
    2.91666667E-01        8.33333333E-02        3.03746644E-01        1.44075088E-02    
    3.33333333E-01        8.33333333E-02        4.71179665E-02        1.27650198E-02    
    3.75000000E-01        8.33333333E-02       -2.12722473E-01        1.19865030E-02    
    4.16666667E-01        8.33333333E-02       -4.58068435E-01        1.06462391E-02    
    4.58333333E-01        8.33333333E-02       -6.72200908E-01        8.01610756E-03    
    5.00000000E-01        8.33333333E-02       -8.40527038E-01        4.60232504E-03    
   -5.00000000E-01        1.25000000E-01       -8.22155049E-01        4.05573077E-03    
   -4.58333333E-01        1.25000000E-01       -9.30777176E-01        1.48404685E-03    
   -4.16666667E-01        1.25000000E-01       -9.75968842E-01        6.63333259E-04    
   -3.75000000E-01        1.25000000E-01       -9.54648657E-01        9.88513424E-05    
   -3.33333333E-01        1.25000000E-01       -8.68268628E-01        1.83724871E-03    
   -2.91666667E-01        1.25000000E-01       -7.22715524E-01        4.01948983E-03    
   -2.50000000E-01        1.25000000E-01       -5.27909469E-01        5.46490439E-03    
   -2.08333333E-01        1.25000000E-01       -2.97127330E-01        5.38825228E-03    
   -1.66666667E-01        1.25000000E-01       -4.60973900E-02        3.54618298E-03    
   -1.25000000E-01        1.25000000E-01        2.08072702E-01        7.37246209E-04    
   -8.33333333E-02        1.25000000E-01        4.48061640E-01        4.49063878E-03    
   -4.16666667E-02        1.25000000E-01        6.57514620E-01        9.29168154E-03    
    0.00000000E+00        1.25000000E-01        8.22157767E-01        1.38126575E-02    
    4.16666667E-02        1.25000000E-01        9.30770957E-01        1.74757089E-02    
    8.33333333E-02        1.25000000E-01        9.75952633E-01        1.98812279E-02    
    1.25000000E-01        1.25000000E-01        9.54624301E-01        2.07504375E-02    
    1.66666667E-01        1.25000000E-01        8.68240251E-01        1.98628636E-02    
    2.08333333E-01        1.25000000E-01        7.22688204E-01        1.71788522E-02    
    2.50000000E-01        1.25000000E-01        5.27887779E-01        1.32047743E-02    
    2.91666667E-01        1.25000000E-01        2.97114235E-01        9.45623388E-03    
    3.33333333E-01        1.25000000E-01        4.60936770E-02        8.15442754E-03    
    3.75000000E-01        1.25000000E-01       -2.08068536E-01        8.81867645E-03    
    4.16666667E-01        1.25000000E-01       -4.48053112E-01        8.73140123E-03    
    4.58333333E-01        1.25000000E-01       -6.57506541E-01        6.92755648E-03    
    5.00000000E-01        1.25000000E-01       -8.22155049E-01        4.05573077E-03    
   -5.00000000E-01        1.66666667E-01       -7.47753020E-01        2.78901974E-03    
   -4.58333333E-01        1.66666667E-01       -8.46547071E-01        2.20000836E-03    
   -4.16666667E-01        1.66666667E-01       -8.87651020E-01        2.62110739E-03    
   -3.75000000E-01        1.66666667E-01       -8.68261994E-01        1.88306733E-03    
   -3.33333333E-01        1.66666667E-01       -7.89700187E-01        2.72800617E-04    
   -2.91666667E-01        1.66666667E-01       -6.57319323E-01        2.08720137E-03    
   -2.50000000E-01        1.66666667E-01       -4.80141701E-01        3.21588130E-03    
   -2.08333333E-01        1.66666667E-01       -2.70242834E-01        2.70686534E-03    
   -1.66666667E-01        1.66666667E-01       -4.19279604E-02        1.12263548E-03    
   -1.25000000E-01        1.66666667E-01        1.89243118E-01        4.13484250E-03    
   -8.33333333E-02        1.66666667E-01        4.07516368E-01        8.84329531E-03    
   -4.16666667E-02        1.66666667E-01        5.98016913E-01        1.35540925E-02    
    0.00000000E+00        1.66666667E-01        7.47762568E-01        1.74166300E-02    
    4.16666667E-02        1.66666667E-01        8.46548537E-01        1.98526621E-02    
    8.33333333E-02        1.66666667E-01        8.87642952E-01        2.06338361E-02    
    1.25000000E-01        1.66666667E-01        8.68245720E-01        1.98089334E-02    
    1.66666667E-01        1.66666667E-01        7.89679331E-01        1.74954530E-02    
    2.08333333E-01        1.66666667E-01        6.57298611E-01        1.37885098E-02    
    2.50000000E-01        1.66666667E-01        4.80125598E-01        8.98209280E-03    
    2.91666667E-01        1.66666667E-01        2.70234472E-01        4.08765030E-03    
    3.33333333E-01        1.66666667E-01        4.19285231E-02        3.16507415E-03    
    3.75000000E-01        1.66666667E-01       -1.89234616E-01        5.55865214E-03    
    4.16666667E-01        1.66666667E-01       -4.07502942E-01        6.22054442E-03    
    4.58333333E-01        1.66666667E-01       -5.98003023E-01        4.89620910E-03    
    5.00000000E-01        1.66666667E-01       -7.47753020E-01        2.78901974E-03    
   -5.00000000E-01        2.08333333E-01       -6.22392989E-01        3.42748546E-03    
   -4.58333333E-01        2.08333333E-01       -7.04625940E-01        4.62322120E-03    
   -4.16666667E-01        2.08333333E-01       -7.38840719E-01        5.12142042E-03    
   -3.75000000E-01        2.08333333E-01       -7.22703969E-01        4.14170334E-03    
   -3.33333333E-01        2.08333333E-01       -6.57314081E-01        2.10733079E-03    
   -2.91666667E-01        2.08333333E-01       -5.47126879E-01        3.50320353E-04    
   -2.50000000E-01        2.08333333E-01       -3.99651986E-01        1.07843994E-03    
   -2.08333333E-01        2.08333333E-01       -2.24940622E-01        9.12295712E-04    
   -1.66666667E-01        2.08333333E-01       -3.49000662E-02        3.06420158E-03    
   -1.25000000E-01        2.08333333E-01        1.57518157E-01        7.21239351E-03    
   -8.33333333E-02        2.08333333E-01        3.39200928E-01        1.19848992E-02    
   -4.16666667E-02        2.08333333E-01        4.97766978E-01        1.63267673E-02    
    0.00000000E+00        2.08333333E-01        6.22410442E-01        1.93206426E-02    
    4.16666667E-02        2.08333333E-01        7.04637182E-01        2.03954776E-02    
    8.33333333E-02        2.08333333E-01        7.38843687E-01        1.94988377E-02    
    1.25000000E-01        2.08333333E-01        7.22699041E-01        1.70699513E-02    
    1.66666667E-01        2.08333333E-01        6.57303847E-01        1.37392724E-02    
    2.08333333E-01        2.08333333E-01        5.47115226E-01        9.95903569E-03    
    2.50000000E-01        2.08333333E-01        3.99642960E-01        6.00258613E-03    
    2.91666667E-01        2.08333333E-01        2.24937466E-01        2.70902348E-03    
    3.33333333E-01        2.08333333E-01        3.49045753E-02        3.08248442E-03    
    3.75000000E-01        2.08333333E-01       -1.57506018E-01        4.61309490E-03    
    4.16666667E-01        2.08333333E-01       -3.39183143E-01        4.65766795E-03    
    4.58333333E-01        2.08333333E-01       -4.97747165E-01        3.58724439E-03    
    5.00000000E-01        2.08333333E-01       -6.22392989E-01        3.42748546E-03    
   -5.00000000E-01        2.50000000E-01       -4.54619561E-01        5.25506347E-03    
   -4.58333333E-01        2.50000000E-01       -5.14687085E-01        6.81268242E-03    
   -4.16666667E-01        2.50000000E-01       -5.39680768E-01        7.03529708E-03    
   -3.75000000E-01        2.50000000E-01       -5.27895734E-01        5.65775624E-03    
   -3.33333333E-01        2.50000000E-01       -4.80133683E-01        3.30512734E-03    
   -2.91666667E-01        2.50000000E-01       -3.99648893E-01        1.10150033E-03    
   -2.50000000E-01        2.50000000E-01       -2.91926577E-01        9.99845748E-05    
   -2.08333333E-01        2.50000000E-01       -1.64308723E-01        1.20661524E-03    
   -1.66666667E-01        2.50000000E-01       -2.54931999E-02        4.16949204E-03    
   -1.25000000E-01        2.50000000E-01        1.15059377E-01        8.47220073E-03    
   -8.33333333E-02        2.50000000E-01        2.47770450E-01        1.31494138E-02    
   -4.16666667E-02        2.50000000E-01        3.63596099E-01        1.71010205E-02    
    0.00000000E+00        2.50000000E-01        4.54643135E-01        1.93447290E-02    
    4.16666667E-02        2.50000000E-01        5.14706869E-01        1.92830377E-02    
    8.33333333E-02        2.50000000E-01        5.39693969E-01        1.69418026E-02    
    1.25000000E-01        2.50000000E-01        5.27901545E-01        1.30538992E-02    
    1.66666667E-01        2.50000000E-01        4.80133377E-01        8.90453393E-03    
    2.08333333E-01        2.50000000E-01        3.99645255E-01        5.99035835E-03    
    2.50000000E-01        2.50000000E-01        2.91923063E-01        5.16672096E-03    
    2.91666667E-01        2.50000000E-01        1.64308657E-01        5.48059504E-03    
    3.33333333E-01        2.50000000E-01        2.54991097E-02        5.69307967E-03    
    3.75000000E-01        2.50000000E-01       -1.15046345E-01        5.24364206E-03    
    4.16666667E-01        2.50000000E-01       -2.47750959E-01        4.16662030E-03    
    4.58333333E-01        2.50000000E-01       -3.63572668E-01        3.79017882E-03    
    5.00000000E-01        2.50000000E-01       -4.54619561E-01        5.25506347E-03    
   -5.00000000E-01        2.91666667E-01       -2.55866831E-01        6.53996153E-03    
   -4.58333333E-01        2.91666667E-01       -2.89675426E-01        7.90764151E-03    
   -4.16666667E-01        2.91666667E-01       -3.03744739E-01        7.58545323E-03    
   -3.75000000E-01        2.91666667E-01       -2.97114460E-01        5.64905360E-03    
   -3.33333333E-01        2.91666667E-01       -2.70234909E-01        2.96144238E-03    
   -2.91666667E-01        2.91666667E-01       -2.24937055E-01        1.17584330E-03    
   -2.50000000E-01        2.91666667E-01       -1.64307963E-01        1.26618542E-03    
   -2.08333333E-01        2.91666667E-01       -9.24801336E-02        8.25223002E-04    
   -1.66666667E-01        2.91666667E-01       -1.43493481E-02        3.29002293E-03    
   -1.25000000E-01        2.91666667E-01        6.47593845E-02        7.55023538E-03    
   -8.33333333E-02        2.91666667E-01        1.39454822E-01        1.21468058E-02    
   -4.16666667E-02        2.91666667E-01        2.04646719E-01        1.59269121E-02    
    0.00000000E+00        2.91666667E-01        2.55892456E-01        1.78653627E-02    
    4.16666667E-02        2.91666667E-01        2.89699622E-01        1.73057674E-02    
    8.33333333E-02        2.91666667E-01        3.03764024E-01        1.42151016E-02    
    1.25000000E-01        2.91666667E-01        2.97126890E-01        9.30320819E-03    
    1.66666667E-01        2.91666667E-01        2.70240476E-01        4.01272341E-03    
    2.08333333E-01        2.91666667E-01        2.24937464E-01        2.70901123E-03    
    2.50000000E-01        2.91666667E-01        1.64306078E-01        5.45894479E-03    
    2.91666667E-01        2.91666667E-01        9.24793368E-02        6.76614105E-03    
    3.33333333E-01        2.91666667E-01        1.43528541E-02        6.39197626E-03    
    3.75000000E-01        2.91666667E-01       -6.47492911E-02        4.84696683E-03    
    4.16666667E-01        2.91666667E-01       -1.39437524E-01        3.37682351E-03    
    4.58333333E-01        2.91666667E-01       -2.04623654E-01        4.31564331E-03    
    5.00000000E-01        2.91666667E-01       -2.55866831E-01        6.53996153E-03    
   -5.00000000E-01        3.33333333E-01       -3.96788931E-02        6.99162502E-03    
   -4.58333333E-01        3.33333333E-01       -4.49249505E-02        7.66430676E-03    
   -4.16666667E-01        3.33333333E-01       -4.71114661E-02        6.49962544E-03    
   -3.75000000E-01        3.33333333E-01       -4.60879855E-02        3.93232322E-03    
   -3.33333333E-01        3.33333333E-01       -4.19226762E-02        1.89245206E-03    
   -2.91666667E-01        3.33333333E-01       -3.48984346E-02        3.30022927E-03    
   -2.50000000E-01        3.33333333E-01       -2.54938995E-02        4.25858603E-03    
   -2.08333333E-01        3.33333333E-01       -1.43505912E-02        3.33864216E-03    
   -1.66666667E-01        3.33333333E-01       -2.22867442E-03        1.71337683E-03    
   -1.25000000E-01        3.33333333E-01        1.00452769E-02        4.78372270E-03    
   -8.33333333E-02        3.33333333E-01        2.16347276E-02        9.30891422E-03    
   -4.16666667E-02        3.33333333E-01        3.17500154E-02        1.32314592E-02    
    0.00000000E+00        3.33333333E-01        3.97018771E-02        1.54683726E-02    
    4.16666667E-02        3.33333333E-01        4.49482208E-02        1.53055670E-02    
    8.33333333E-02        3.33333333E-01        4.71310713E-02        1.26280980E-02    
    1.25000000E-01        3.33333333E-01        4.61011789E-02        8.08194507E-03    
    1.66666667E-01        3.33333333E-01        4.19285268E-02        3.16503967E-03    
    2.08333333E-01        3.33333333E-01        3.48978540E-02        2.98248633E-03    
    2.50000000E-01        3.33333333E-01        2.54892999E-02        5.56798853E-03    
    2.91666667E-01        3.33333333E-01        1.43453641E-02        6.31063517E-03    
    3.33333333E-01        3.33333333E-01        2.22650405E-03        5.17326379E-03    
    3.75000000E-01        3.33333333E-01       -1.00413025E-02        2.91637422E-03    
    4.16666667E-01        3.33333333E-01       -2.16230692E-02        2.28692818E-03    
    4.58333333E-01        3.33333333E-01       -3.17313175E-02        4.81532695E-03    
    5.00000000E-01        3.33333333E-01       -3.96788931E-02        6.99162502E-03    
   -5.00000000E-01        3.75000000E-01        1.79212787E-01        6.68634858E-03    
   -4.58333333E-01        3.75000000E-01        2.02886041E-01        6.15993087E-03    
   -4.16666667E-01        3.75000000E-01        2.12730624E-01        3.91844502E-03    
   -3.75000000E-01        3.75000000E-01        2.08077075E-01        1.67004643E-03    
   -3.33333333E-01        3.75000000E-01        1.89244131E-01        4.44129633E-03    
   -2.91666667E-01        3.75000000E-01        1.57516229E-01        7.36698429E-03    
   -2.50000000E-01        3.75000000E-01        1.15055657E-01        8.55888148E-03    
   -2.08333333E-01        3.75000000E-01        6.47554358E-02        7.60482765E-03    
   -1.66666667E-01        3.75000000E-01        1.00426848E-02        4.82108570E-03    
   -1.25000000E-01        3.75000000E-01       -4.53544797E-02        2.13327639E-03    
   -8.33333333E-02        3.75000000E-01       -9.76608853E-02        5.27816100E-03    
   -4.16666667E-02        3.75000000E-01       -1.43311760E-01        9.47042569E-03    
    0.00000000E+00        3.75000000E-01       -1.79195973E-01        1.24362031E-02    
    4.16666667E-02        3.75000000E-01       -2.02868282E-01        1.33331088E-02    
    8.33333333E-02        3.75000000E-01       -2.12715970E-01        1.19331527E-02    
    1.25000000E-01        3.75000000E-01       -2.08068522E-01        8.81848218E-03    
    1.66666667E-01        3.75000000E-01       -1.89242943E-01        5.50881788E-03    
    2.08333333E-01        3.75000000E-01       -1.57521820E-01        4.31109600E-03    
    2.50000000E-01        3.75000000E-01       -1.15065848E-01        4.85538197E-03    
    2.91666667E-01        3.75000000E-01       -6.47669130E-02        4.55147388E-03    
    3.33333333E-01        3.75000000E-01       -1.00516649E-02        2.78008826E-03    
    3.75000000E-01        3.75000000E-01        4.53513335E-02        1.00009587E-04    
    4.16666667E-01        3.75000000E-01        9.76654445E-02        3.01825265E-03    
    4.58333333E-01        3.75000000E-01        1.43323706E-01        5.48035883E-03    
    5.00000000E-01        3.75000000E-01        1.79212787E-01        6.68634858E-03    
   -5.00000000E-01        4.16666667E-01        3.85892522E-01        5.56552721E-03    
   -4.58333333E-01        4.16666667E-01        4.36870897E-01        3.55423558E-03    
   -4.16666667E-01        4.16666667E-01        4.58074826E-01        6.33025330E-04    
   -3.75000000E-01        4.16666667E-01        4.48060762E-01        4.62059068E-03    
   -3.33333333E-01        4.16666667E-01        4.07512733E-01        8.95439896E-03    
   -2.91666667E-01        4.16666667E-01        3.39194953E-01        1.20723038E-02    
   -2.50000000E-01        4.16666667E-01        2.47763159E-01        1.32123904E-02    
   -2.08333333E-01        4.16666667E-01        1.39447585E-01        1.21916514E-02    
   -1.66666667E-01        4.16666667E-01        2.16289491E-02        9.33838173E-03    
   -1.25000000E-01        4.16666667E-01       -9.76640774E-02        5.28844642E-03    
   -8.33333333E-02        4.16666667E-01       -2.10301883E-01        1.82799991E-03    
   -4.16666667E-02        4.16666667E-01       -3.08608138E-01        5.01222348E-03    
    0.00000000E+00        4.16666667E-01       -3.85883257E-01        8.69777886E-03    
    4.16666667E-02        4.16666667E-01       -4.36861213E-01        1.07355409E-02    
    8.33333333E-02        4.16666667E-01       -4.58068422E-01        1.06457604E-02    
    1.25000000E-01        4.16666667E-01       -4.48060234E-01        8.72639571E-03    
    1.66666667E-01        4.16666667E-01       -4.07519004E-01        6.01755650E-03    
    2.08333333E-01        4.16666667E-01       -3.39207252E-01        3.94673533E-03    
    2.50000000E-01        4.16666667E-01       -2.47779319E-01        3.12313711E-03    
    2.91666667E-01        4.16666667E-01       -1.39464505E-01        2.46511372E-03    
    3.33333333E-01        4.16666667E-01       -2.16431978E-02        1.90704444E-03    
    3.75000000E-01        4.16666667E-01        9.76554376E-02        3.07160569E-03    
    4.16666667E-01        4.16666667E-01        2.10300384E-01        4.84915344E-03    
    4.58333333E-01        4.16666667E-01        3.08613274E-01        5.90181948E-03    
    5.00000000E-01        4.16666667E-01        3.85892522E-01        5.56552721E-03    
   -5.00000000E-01        4.58333333E-01        5.66276199E-01        3.45951916E-03    
   -4.58333333E-01        4.58333333E-01        6.41084790E-01        5.55776751E-04    
   -4.16666667E-01        4.58333333E-01        6.72202282E-01        4.44907896E-03    
   -3.75000000E-01        4.58333333E-01        6.57509599E-01        9.30148884E-03    
   -3.33333333E-01        4.58333333E-01        5.98009532E-01        1.35842642E-02    
   -2.91666667E-01        4.58333333E-01        4.97757672E-01        1.63657164E-02    
   -2.50000000E-01        4.58333333E-01        3.63585792E-01        1.71395842E-02    
   -2.08333333E-01        4.58333333E-01        2.04636615E-01        1.59603558E-02    
   -1.66666667E-01        4.58333333E-01        3.17413505E-02        1.32528788E-02    
   -1.25000000E-01        4.58333333E-01       -1.43317961E-01        9.47079994E-03    
   -8.33333333E-02        4.58333333E-01       -3.08611266E-01        4.99065965E-03    
   -4.16666667E-02        4.58333333E-01       -4.52873743E-01        1.04769033E-03    
    0.00000000E+00        4.58333333E-01       -5.66273839E-01        4.35365691E-03    
    4.16666667E-02        4.58333333E-01       -6.41083538E-01        7.19012529E-03    
    8.33333333E-02        4.58333333E-01       -6.72205047E-01        8.02621621E-03    
    1.25000000E-01        4.58333333E-01       -6.57517990E-01        6.85846771E-03    
    1.66666667E-01        4.58333333E-01       -5.98023553E-01        4.40051098E-03    
    2.08333333E-01        4.58333333E-01       -4.97775942E-01        1.90208764E-03    
    2.50000000E-01        4.58333333E-01       -3.63606016E-01        1.83161969E-03    
    2.91666667E-01        4.58333333E-01       -2.04656072E-01        3.25477070E-03    
    3.33333333E-01        4.58333333E-01       -3.17573992E-02        4.50104859E-03    
    3.75000000E-01        4.58333333E-01        1.43307271E-01        5.50896911E-03    
    4.16666667E-01        4.58333333E-01        3.08606547E-01        5.95842961E-03    
    4.58333333E-01        4.58333333E-01        4.52873882E-01        5.38285763E-03    
    5.00000000E-01        4.58333333E-01        5.66276199E-01        3.45951916E-03    
   -5.00000000E-01        5.00000000E-01        7.08070871E-01        1.05760530E-03    
   -4.58333333E-01        5.00000000E-01        8.01611077E-01        4.43035302E-03    
   -4.16666667E-01        5.00000000E-01        8.40521039E-01        9.18138117E-03    
   -3.75000000E-01        5.00000000E-01        8.22150699E-01        1.38053742E-02    
   -3.33333333E-01        5.00000000E-01        7.47753336E-01        1.74206966E-02    
   -2.91666667E-01        5.00000000E-01        6.22399492E-01        1.93398460E-02    
   -2.50000000E-01        5.00000000E-01        4.54631301E-01        1.93749258E-02    
   -2.08333333E-01        5.00000000E-01        2.55880789E-01        1.78990010E-02    
   -1.66666667E-01        5.00000000E-01        3.96914536E-02        1.54922478E-02    
   -1.25000000E-01        5.00000000E-01       -1.79204238E-01        1.24368349E-02    
   -8.33333333E-02        5.00000000E-01       -3.85888764E-01        8.67438509E-03    
   -4.16666667E-02        5.00000000E-01       -5.66276426E-01        4.32012023E-03    
    0.00000000E+00        5.00000000E-01       -7.08073651E-01        3.18160423E-04    
    4.16666667E-02        5.00000000E-01       -8.01617046E-01        3.24690221E-03    
    8.33333333E-02        5.00000000E-01       -8.40531991E-01        4.59850651E-03    
    1.25000000E-01        5.00000000E-01       -8.22166868E-01        3.87875805E-03    
    1.66666667E-01        5.00000000E-01       -7.47773460E-01        1.60856030E-03    
    2.08333333E-01        5.00000000E-01       -6.22421376E-01        1.34103785E-03    
    2.50000000E-01        5.00000000E-01       -4.54652499E-01        3.95867394E-03    
    2.91666667E-01        5.00000000E-01       -2.55899140E-01        5.79503164E-03    
    3.33333333E-01        5.00000000E-01       -3.97054299E-02        6.69833047E-03    
    3.75000000E-01        5.00000000E-01        1.79195211E-01        6.66024170E-03    
    4.16666667E-01        5.00000000E-01        3.85884034E-01        5.61257658E-03    
    4.58333333E-01        5.00000000E-01        5.66274065E-01        3.48264345E-03    
    5.00000000E-01        5.00000000E-01        7.08070871E-01        1.05760530E-03    
