Model dump (x mu nu), grid of 25x25=625 pts
Model parameter values (noise variance lengthscales [periods]): (1e-12, 999.99929, [1.0, 6.2982735], [999.99929, 1.0])
   -5.00000000E-01       -5.00000000E-01        7.08071328E-01        8.62851351E-04    
   -4.58333333E-01       -5.00000000E-01        8.01608195E-01        1.22680882E-03    
   -4.16666667E-01       -5.00000000E-01        8.40514993E-01        3.07374626E-03    
   -3.75000000E-01       -5.00000000E-01        8.22142434E-01        6.35617017E-03    
   -3.33333333E-01       -5.00000000E-01        7.47744286E-01        9.98379389E-03    
   -2.91666667E-01       -5.00000000E-01        6.22391141E-01        1.28615347E-02    
   -2.50000000E-01       -5.00000000E-01        4.54624765E-01        1.42925348E-02    
   -2.08333333E-01       -5.00000000E-01        2.55876547E-01        1.41783440E-02    
   -1.66666667E-01       -5.00000000E-01        3.96893279E-02        1.28226812E-02    
   -1.25000000E-01       -5.00000000E-01       -1.79204868E-01        1.05180242E-02    
   -8.33333333E-02       -5.00000000E-01       -3.85888648E-01        7.39276934E-03    
   -4.16666667E-02       -5.00000000E-01       -5.66276169E-01        3.68918308E-03    
    0.00000000E+00       -5.00000000E-01       -7.08073585E-01        2.70485809E-04    
    4.16666667E-02       -5.00000000E-01       -8.01617263E-01        2.77212342E-03    
    8.33333333E-02       -5.00000000E-01       -8.40532432E-01        3.92705770E-03    
    1.25000000E-01       -5.00000000E-01       -8.22167382E-01        3.31127241E-03    
    1.66666667E-01       -5.00000000E-01       -7.47773793E-01        1.36356973E-03    
    2.08333333E-01       -5.00000000E-01       -6.22421138E-01        1.14426556E-03    
    2.50000000E-01       -5.00000000E-01       -4.54651228E-01        3.34989914E-03    
    2.91666667E-01       -5.00000000E-01       -2.55896475E-01        4.73748645E-03    
    3.33333333E-01       -5.00000000E-01       -3.97013694E-02        5.05607674E-03    
    3.75000000E-01       -5.00000000E-01        1.79200128E-01        4.32586700E-03    
    4.16666667E-01       -5.00000000E-01        3.85888745E-01        2.85889327E-03    
    4.58333333E-01       -5.00000000E-01        5.66277239E-01        1.35195157E-03    
    5.00000000E-01       -5.00000000E-01        7.08071328E-01        8.62851351E-04    
   -5.00000000E-01       -4.58333333E-01        8.01609779E-01        1.62345682E-03    
   -4.58333333E-01       -4.58333333E-01        9.07503159E-01        1.96863001E-03    
   -4.16666667E-01       -4.58333333E-01        9.51550522E-01        2.72416411E-03    
   -3.75000000E-01       -4.58333333E-01        9.30752291E-01        5.46796608E-03    
   -3.33333333E-01       -4.58333333E-01        8.46527328E-01        8.83832700E-03    
   -2.91666667E-01       -4.58333333E-01        7.04615554E-01        1.15365774E-02    
   -2.50000000E-01       -4.58333333E-01        5.14686801E-01        1.29423697E-02    
   -2.08333333E-01       -4.58333333E-01        2.89682514E-01        1.31401180E-02    
   -1.66666667E-01       -4.58333333E-01        4.49347252E-02        1.25390897E-02    
   -1.25000000E-01       -4.58333333E-01       -2.02878149E-01        1.12758935E-02    
   -8.33333333E-02       -4.58333333E-01       -4.36867812E-01        9.13973492E-03    
   -4.16666667E-02       -4.58333333E-01       -6.41087372E-01        6.11431059E-03    
    0.00000000E+00       -4.58333333E-01       -8.01618658E-01        2.75363595E-03    
    4.16666667E-02       -4.58333333E-01       -9.07521150E-01        9.01410144E-05    
    8.33333333E-02       -4.58333333E-01       -9.51577662E-01        1.33407140E-03    
    1.25000000E-01       -4.58333333E-01       -9.30785988E-01        9.42828482E-04    
    1.66666667E-01       -4.58333333E-01       -8.46563159E-01        8.35732913E-04    
    2.08333333E-01       -4.58333333E-01       -7.04648624E-01        3.12001654E-03    
    2.50000000E-01       -4.58333333E-01       -5.14713132E-01        5.07921602E-03    
    2.91666667E-01       -4.58333333E-01       -2.89700009E-01        6.06403084E-03    
    3.33333333E-01       -4.58333333E-01       -4.49435555E-02        5.79547587E-03    
    3.75000000E-01       -4.58333333E-01        2.02875669E-01        4.35711810E-03    
    4.16666667E-01       -4.58333333E-01        4.36867743E-01        2.18370787E-03    
    4.58333333E-01       -4.58333333E-01        6.41085025E-01        4.55936844E-04    
    5.00000000E-01       -4.58333333E-01        8.01609779E-01        1.62345682E-03    
   -5.00000000E-01       -4.16666667E-01        8.40520187E-01        4.26913391E-03    
   -4.58333333E-01       -4.16666667E-01        9.51553870E-01        4.31020334E-03    
   -4.16666667E-01       -4.16666667E-01        9.97740240E-01        3.15119538E-03    
   -3.75000000E-01       -4.16666667E-01        9.75933894E-01        3.49218781E-03    
   -3.33333333E-01       -4.16666667E-01        8.87622119E-01        6.08431658E-03    
   -2.91666667E-01       -4.16666667E-01        7.38822959E-01        8.41018398E-03    
   -2.50000000E-01       -4.16666667E-01        5.39675269E-01        9.63077769E-03    
   -2.08333333E-01       -4.16666667E-01        3.03748557E-01        1.00457696E-02    
   -1.66666667E-01       -4.16666667E-01        4.71191941E-02        1.02388438E-02    
   -1.25000000E-01       -4.16666667E-01       -2.12724564E-01        1.01214283E-02    
   -8.33333333E-02       -4.16666667E-01       -4.58074341E-01        9.06208937E-03    
   -4.16666667E-02       -4.16666667E-01       -6.72208886E-01        6.81153920E-03    
    0.00000000E+00       -4.16666667E-01       -8.40534190E-01        3.89575306E-03    
    4.16666667E-02       -4.16666667E-01       -9.51578470E-01        1.32150877E-03    
    8.33333333E-02       -4.16666667E-01       -9.97774041E-01        6.51313095E-05    
    1.25000000E-01       -4.16666667E-01       -9.75972859E-01        3.22932627E-04    
    1.66666667E-01       -4.16666667E-01       -8.87660750E-01        1.90666365E-03    
    2.08333333E-01       -4.16666667E-01       -7.38855950E-01        3.96243474E-03    
    2.50000000E-01       -4.16666667E-01       -5.39699001E-01        5.56036653E-03    
    2.91666667E-01       -4.16666667E-01       -3.03761970E-01        6.02487559E-03    
    3.33333333E-01       -4.16666667E-01       -4.71238896E-02        5.09856545E-03    
    3.75000000E-01       -4.16666667E-01        2.12724825E-01        2.96211079E-03    
    4.16666667E-01       -4.16666667E-01        4.58074545E-01        5.19345806E-04    
    4.58333333E-01       -4.16666667E-01        6.72203933E-01        2.64459891E-03    
    5.00000000E-01       -4.16666667E-01        8.40520187E-01        4.26913391E-03    
   -5.00000000E-01       -3.75000000E-01        8.22151312E-01        8.00038377E-03    
   -4.58333333E-01       -3.75000000E-01        9.30758906E-01        7.83742755E-03    
   -4.16666667E-01       -3.75000000E-01        9.75937003E-01        5.94022051E-03    
   -3.75000000E-01       -3.75000000E-01        9.54608760E-01        3.50271050E-03    
   -3.33333333E-01       -3.75000000E-01        8.68228548E-01        3.33030086E-03    
   -2.91666667E-01       -3.75000000E-01        7.22682410E-01        4.75915090E-03    
   -2.50000000E-01       -3.75000000E-01        5.27887248E-01        5.43606737E-03    
   -2.08333333E-01       -3.75000000E-01        2.97115883E-01        5.72082933E-03    
   -1.66666667E-01       -3.75000000E-01        4.60934815E-02        6.57552881E-03    
   -1.25000000E-01       -3.75000000E-01       -2.08073573E-01        7.50665012E-03    
   -8.33333333E-02       -3.75000000E-01       -4.48063532E-01        7.35908037E-03    
   -4.16666667E-02       -3.75000000E-01       -6.57520257E-01        5.75289250E-03    
    0.00000000E+00       -3.75000000E-01       -8.22168474E-01        3.24769419E-03    
    4.16666667E-02       -3.75000000E-01       -9.30786996E-01        9.12382877E-04    
    8.33333333E-02       -3.75000000E-01       -9.75973476E-01        3.24541163E-04    
    1.25000000E-01       -3.75000000E-01       -9.54648647E-01        9.82908149E-05    
    1.66666667E-01       -3.75000000E-01       -8.68265890E-01        1.50975319E-03    
    2.08333333E-01       -3.75000000E-01       -7.22712031E-01        3.35247578E-03    
    2.50000000E-01       -3.75000000E-01       -5.27906217E-01        4.59792484E-03    
    2.91666667E-01       -3.75000000E-01       -2.97124201E-01        4.58399679E-03    
    3.33333333E-01       -3.75000000E-01       -4.60939003E-02        3.16061224E-03    
    3.75000000E-01       -3.75000000E-01        2.08076361E-01        1.36256495E-03    
    4.16666667E-01       -3.75000000E-01        4.48064052E-01        3.49324460E-03    
    4.58333333E-01       -3.75000000E-01        6.57513539E-01        6.33443276E-03    
    5.00000000E-01       -3.75000000E-01        8.22151312E-01        8.00038377E-03    
   -5.00000000E-01       -3.33333333E-01        7.47755372E-01        1.16808467E-02    
   -4.58333333E-01       -3.33333333E-01        8.46535733E-01        1.12606419E-02    
   -4.16666667E-01       -3.33333333E-01        8.87626850E-01        8.96415027E-03    
   -3.75000000E-01       -3.33333333E-01        8.68230159E-01        5.77468992E-03    
   -3.33333333E-01       -3.33333333E-01        7.89668048E-01        3.50970964E-03    
   -2.91666667E-01       -3.33333333E-01        6.57293441E-01        3.19974047E-03    
   -2.50000000E-01       -3.33333333E-01        4.80125467E-01        2.72615954E-03    
   -2.08333333E-01       -3.33333333E-01        2.70235756E-01        1.60043226E-03    
   -1.66666667E-01       -3.33333333E-01        4.19266742E-02        2.69422022E-03    
   -1.25000000E-01       -3.33333333E-01       -1.89242951E-01        4.40258192E-03    
   -8.33333333E-02       -3.33333333E-01       -4.07518360E-01        4.76299587E-03    
   -4.16666667E-02       -3.33333333E-01       -5.98023133E-01        3.50347279E-03    
    0.00000000E+00       -3.33333333E-01       -7.47773600E-01        1.26529213E-03    
    4.16666667E-02       -3.33333333E-01       -8.46563980E-01        8.69735670E-04    
    8.33333333E-02       -3.33333333E-01       -8.87661839E-01        1.91092424E-03    
    1.25000000E-01       -3.33333333E-01       -8.68266633E-01        1.50853070E-03    
    1.66666667E-01       -3.33333333E-01       -7.89700272E-01        2.47633890E-04    
    2.08333333E-01       -3.33333333E-01       -6.57316923E-01        1.73976789E-03    
    2.50000000E-01       -3.33333333E-01       -4.80138234E-01        2.72337282E-03    
    2.91666667E-01       -3.33333333E-01       -2.70238781E-01        2.42558454E-03    
    3.33333333E-01       -3.33333333E-01       -4.19234402E-02        1.54453995E-03    
    3.75000000E-01       -3.33333333E-01        1.89247462E-01        3.63091138E-03    
    4.16666667E-01       -3.33333333E-01        4.07518899E-01        7.07172087E-03    
    4.58333333E-01       -3.33333333E-01        5.98015414E-01        1.00939041E-02    
    5.00000000E-01       -3.33333333E-01        7.47755372E-01        1.16808467E-02    
   -5.00000000E-01       -2.91666667E-01        6.22402393E-01        1.42744235E-02    
   -4.58333333E-01       -2.91666667E-01        7.04623849E-01        1.35382685E-02    
   -4.16666667E-01       -2.91666667E-01        7.38827556E-01        1.08331267E-02    
   -3.75000000E-01       -2.91666667E-01        7.22684015E-01        7.19603114E-03    
   -3.33333333E-01       -2.91666667E-01        6.57293571E-01        4.49775057E-03    
   -2.91666667E-01       -2.91666667E-01        5.47111274E-01        4.00159084E-03    
   -2.50000000E-01       -2.91666667E-01        3.99643842E-01        3.69636342E-03    
   -2.08333333E-01       -2.91666667E-01        2.24939058E-01        2.30572964E-03    
   -1.66666667E-01       -2.91666667E-01        3.49018499E-02        1.11279704E-03    
   -1.25000000E-01       -2.91666667E-01       -1.57516754E-01        2.07711530E-03    
   -8.33333333E-02       -2.91666667E-01       -3.39202576E-01        2.25806647E-03    
   -4.16666667E-02       -2.91666667E-01       -4.97772688E-01        1.03482902E-03    
    0.00000000E+00       -2.91666667E-01       -6.22419884E-01        1.26003056E-03    
    4.16666667E-02       -2.91666667E-01       -7.04649391E-01        3.13883493E-03    
    8.33333333E-02       -2.91666667E-01       -7.38857620E-01        3.94082601E-03    
    1.25000000E-01       -2.91666667E-01       -7.22713684E-01        3.33055115E-03    
    1.66666667E-01       -2.91666667E-01       -6.57317959E-01        1.73625844E-03    
    2.08333333E-01       -2.91666667E-01       -5.47127009E-01        3.02025396E-04    
    2.50000000E-01       -2.91666667E-01       -3.99650050E-01        9.11765940E-04    
    2.91666667E-01       -2.91666667E-01       -2.24937493E-01        9.61809437E-04    
    3.33333333E-01       -2.91666667E-01       -3.48962457E-02        2.75096444E-03    
    3.75000000E-01       -2.91666667E-01        1.57521756E-01        6.10572774E-03    
    4.16666667E-01       -2.91666667E-01        3.39202573E-01        9.82784918E-03    
    4.58333333E-01       -2.91666667E-01        4.97764517E-01        1.28623842E-02    
    5.00000000E-01       -2.91666667E-01        6.22402393E-01        1.42744235E-02    
   -5.00000000E-01       -2.50000000E-01        4.54634536E-01        1.52381132E-02    
   -4.58333333E-01       -2.50000000E-01        5.14693598E-01        1.42732526E-02    
   -4.16666667E-01       -2.50000000E-01        5.39678591E-01        1.12251278E-02    
   -3.75000000E-01       -2.50000000E-01        5.27887947E-01        7.08363950E-03    
   -3.33333333E-01       -2.50000000E-01        4.80125065E-01        3.86349565E-03    
   -2.91666667E-01       -2.50000000E-01        3.99643547E-01        3.82748721E-03    
   -2.50000000E-01       -2.50000000E-01        2.91926117E-01        4.39649660E-03    
   -2.08333333E-01       -2.50000000E-01        1.64311945E-01        3.75875622E-03    
   -1.66666667E-01       -2.50000000E-01        2.54972128E-02        2.50299591E-03    
   -1.25000000E-01       -2.50000000E-01       -1.15057406E-01        1.63674442E-03    
   -8.33333333E-02       -2.50000000E-01       -2.47771983E-01        1.07175014E-03    
   -4.16666667E-02       -2.50000000E-01       -3.63600940E-01        1.50071751E-03    
    0.00000000E+00       -2.50000000E-01       -4.54650056E-01        3.37402142E-03    
    4.16666667E-02       -2.50000000E-01       -5.14714551E-01        5.00279395E-03    
    8.33333333E-02       -2.50000000E-01       -5.39701645E-01        5.45670714E-03    
    1.25000000E-01       -2.50000000E-01       -5.27909028E-01        4.51107588E-03    
    1.66666667E-01       -2.50000000E-01       -4.80140554E-01        2.67074855E-03    
    2.08333333E-01       -2.50000000E-01       -3.99651422E-01        8.97005715E-04    
    2.50000000E-01       -2.50000000E-01       -2.91926576E-01        9.99714980E-05    
    2.91666667E-01       -2.50000000E-01       -1.64307247E-01        1.05986848E-03    
    3.33333333E-01       -2.50000000E-01       -2.54908975E-02        3.57227314E-03    
    3.75000000E-01       -2.50000000E-01        1.15061542E-01        7.16354141E-03    
    4.16666667E-01       -2.50000000E-01        2.47770803E-01        1.09649527E-02    
    4.58333333E-01       -2.50000000E-01        3.63592631E-01        1.39618121E-02    
    5.00000000E-01       -2.50000000E-01        4.54634536E-01        1.52381132E-02    
   -5.00000000E-01       -2.08333333E-01        2.55884086E-01        1.46658454E-02    
   -4.58333333E-01       -2.08333333E-01        2.89687351E-01        1.38088212E-02    
   -4.16666667E-01       -2.08333333E-01        3.03750418E-01        1.07903795E-02    
   -3.75000000E-01       -2.08333333E-01        2.97115747E-01        6.39770614E-03    
   -3.33333333E-01       -2.08333333E-01        2.70235145E-01        2.11284432E-03    
   -2.91666667E-01       -2.08333333E-01        2.24939054E-01        2.30566401E-03    
   -2.50000000E-01       -2.08333333E-01        1.64312507E-01        3.81302543E-03    
   -2.08333333E-01       -2.08333333E-01        9.24858237E-02        3.73568545E-03    
   -1.66666667E-01       -2.08333333E-01        1.43537524E-02        2.71238197E-03    
   -1.25000000E-01       -2.08333333E-01       -6.47581369E-02        1.66386076E-03    
   -8.33333333E-02       -2.08333333E-01       -1.39457002E-01        1.45511333E-03    
   -4.16666667E-02       -2.08333333E-01       -2.04651037E-01        2.73161531E-03    
    0.00000000E+00       -2.08333333E-01       -2.55896991E-01        4.54081697E-03    
    4.16666667E-02       -2.08333333E-01       -2.89702961E-01        5.80307582E-03    
    8.33333333E-02       -2.08333333E-01       -3.03765940E-01        5.78211934E-03    
    1.25000000E-01       -2.08333333E-01       -2.97128236E-01        4.38061691E-03    
    1.66666667E-01       -2.08333333E-01       -2.70242392E-01        2.23007468E-03    
    2.08333333E-01       -2.08333333E-01       -2.24940355E-01        7.49560242E-04    
    2.50000000E-01       -2.08333333E-01       -1.64308931E-01        1.01134266E-03    
    2.91666667E-01       -2.08333333E-01       -9.24798202E-02        6.89479885E-04    
    3.33333333E-01       -2.08333333E-01       -1.43483203E-02        2.80179834E-03    
    3.75000000E-01       -2.08333333E-01        6.47603288E-02        6.39870877E-03    
    4.16666667E-01       -2.08333333E-01        1.39454228E-01        1.02348913E-02    
    4.58333333E-01       -2.08333333E-01        2.04642803E-01        1.32923300E-02    
    5.00000000E-01       -2.08333333E-01        2.55884086E-01        1.46658454E-02    
   -5.00000000E-01       -1.66666667E-01        3.96946633E-02        1.30026938E-02    
   -4.58333333E-01       -1.66666667E-01        4.49378727E-02        1.27657424E-02    
   -4.16666667E-01       -1.66666667E-01        4.71200679E-02        1.04376537E-02    
   -3.75000000E-01       -1.66666667E-01        4.60931645E-02        6.66729850E-03    
   -3.33333333E-01       -1.66666667E-01        4.19266854E-02        2.69405843E-03    
   -2.91666667E-01       -1.66666667E-01        3.49031593E-02        1.49587650E-03    
   -2.50000000E-01       -1.66666667E-01        2.54995852E-02        2.83855238E-03    
   -2.08333333E-01       -1.66666667E-01        1.43558139E-02        2.88234024E-03    
   -1.66666667E-01       -1.66666667E-01        2.23146753E-03        1.99813571E-03    
   -1.25000000E-01       -1.66666667E-01       -1.00459752E-02        1.09755970E-03    
   -8.33333333E-02       -1.66666667E-01       -2.16382738E-02        1.51890602E-03    
   -4.16666667E-02       -1.66666667E-01       -3.17543679E-02        3.00416740E-03    
    0.00000000E+00       -1.66666667E-01       -3.97047493E-02        4.54898319E-03    
    4.16666667E-02       -1.66666667E-01       -4.49483494E-02        5.31891326E-03    
    8.33333333E-02       -1.66666667E-01       -4.71288869E-02        4.71983590E-03    
    1.25000000E-01       -1.66666667E-01       -4.60985444E-02        2.80019295E-03    
    1.66666667E-01       -1.66666667E-01       -4.19276907E-02        9.26644460E-04    
    2.08333333E-01       -1.66666667E-01       -3.49001281E-02        2.52492792E-03    
    2.50000000E-01       -1.66666667E-01       -2.54941141E-02        3.47925870E-03    
    2.91666667E-01       -1.66666667E-01       -1.43502291E-02        2.76722729E-03    
    3.33333333E-01       -1.66666667E-01       -2.22802416E-03        1.41858958E-03    
    3.75000000E-01       -1.66666667E-01        1.00457728E-02        4.05449548E-03    
    4.16666667E-01       -1.66666667E-01        2.16339738E-02        7.88774847E-03    
    4.58333333E-01       -1.66666667E-01        3.17465151E-02        1.11801921E-02    
    5.00000000E-01       -1.66666667E-01        3.96946633E-02        1.30026938E-02    
   -5.00000000E-01       -1.25000000E-01       -1.79201386E-01        1.05628004E-02    
   -4.58333333E-01       -1.25000000E-01       -2.02876221E-01        1.13194845E-02    
   -4.16666667E-01       -1.25000000E-01       -2.12724150E-01        1.01379395E-02    
   -3.75000000E-01       -1.25000000E-01       -2.08073528E-01        7.50585683E-03    
   -3.33333333E-01       -1.25000000E-01       -1.89241760E-01        4.50960633E-03    
   -2.91666667E-01       -1.25000000E-01       -1.57513523E-01        2.57920478E-03    
   -2.50000000E-01       -1.25000000E-01       -1.15052507E-01        2.21509360E-03    
   -2.08333333E-01       -1.25000000E-01       -6.47531260E-02        1.86487336E-03    
   -1.66666667E-01       -1.25000000E-01       -1.00428118E-02        1.02034126E-03    
   -1.25000000E-01       -1.25000000E-01        4.53513439E-02        1.00008450E-04    
   -8.33333333E-02       -1.25000000E-01        9.76558453E-02        1.11881671E-03    
   -4.16666667E-02       -1.25000000E-01        1.43307140E-01        2.42749320E-03    
    0.00000000E+00       -1.25000000E-01        1.79194058E-01        3.55443647E-03    
    4.16666667E-02       -1.25000000E-01        2.02870007E-01        3.76852450E-03    
    8.33333333E-02       -1.25000000E-01        2.12720299E-01        2.57043363E-03    
    1.25000000E-01       -1.25000000E-01        2.08072831E-01        6.17902840E-04    
    1.66666667E-01       -1.25000000E-01        1.89244242E-01        3.23397801E-03    
    2.08333333E-01       -1.25000000E-01        1.57518252E-01        5.81952697E-03    
    2.50000000E-01       -1.25000000E-01        1.15057774E-01        6.99223889E-03    
    2.91666667E-01       -1.25000000E-01        6.47570019E-02        6.32520430E-03    
    3.33333333E-01       -1.25000000E-01        1.00438416E-02        4.03828502E-03    
    3.75000000E-01       -1.25000000E-01       -4.53536755E-02        1.76223147E-03    
    4.16666667E-01       -1.25000000E-01       -9.76610775E-02        4.46899016E-03    
    4.58333333E-01       -1.25000000E-01       -1.43314136E-01        8.04312505E-03    
    5.00000000E-01       -1.25000000E-01       -1.79201386E-01        1.05628004E-02    
   -5.00000000E-01       -8.33333333E-02       -3.85886716E-01        7.40157819E-03    
   -4.58333333E-01       -8.33333333E-02       -4.36866846E-01        9.14319384E-03    
   -4.16666667E-01       -8.33333333E-02       -4.58074268E-01        9.06043117E-03    
   -3.75000000E-01       -8.33333333E-02       -4.48063193E-01        7.38516461E-03    
   -3.33333333E-01       -8.33333333E-02       -4.07516249E-01        4.90682640E-03    
   -2.91666667E-01       -8.33333333E-02       -3.39197821E-01        2.65213979E-03    
   -2.50000000E-01       -8.33333333E-02       -2.47765003E-01        1.50201127E-03    
   -2.08333333E-01       -8.33333333E-02       -1.39449431E-01        1.43674837E-03    
   -1.66666667E-01       -8.33333333E-02       -2.16321898E-02        1.57055730E-03    
   -1.25000000E-01       -8.33333333E-02        9.76589655E-02        1.50291848E-03    
   -8.33333333E-02       -8.33333333E-02        2.10295960E-01        1.22637186E-03    
   -4.16666667E-02       -8.33333333E-02        3.08603534E-01        1.47311776E-03    
    0.00000000E+00       -8.33333333E-02        3.85881936E-01        2.02788287E-03    
    4.16666667E-02       -8.33333333E-02        4.36863707E-01        1.73143656E-03    
    8.33333333E-02       -8.33333333E-02        4.58073275E-01        2.04616430E-04    
    1.25000000E-01       -8.33333333E-02        4.48064455E-01        3.02696083E-03    
    1.66666667E-01       -8.33333333E-02        4.07519345E-01        6.48337051E-03    
    2.08333333E-01       -8.33333333E-02        3.39201737E-01        9.31199483E-03    
    2.50000000E-01       -8.33333333E-02        2.47768329E-01        1.06297891E-02    
    2.91666667E-01       -8.33333333E-02        1.39450839E-01        1.00812991E-02    
    3.33333333E-01       -8.33333333E-02        2.16309682E-02        7.85156724E-03    
    3.75000000E-01       -8.33333333E-02       -9.76626484E-02        4.48225030E-03    
    4.16666667E-01       -8.33333333E-02       -2.10301199E-01        1.51200408E-03    
    4.58333333E-01       -8.33333333E-02       -3.08609111E-01        4.24617378E-03    
    5.00000000E-01       -8.33333333E-02       -3.85886716E-01        7.40157819E-03    
   -5.00000000E-01       -4.16666667E-02       -5.66275507E-01        3.69003888E-03    
   -4.58333333E-01       -4.16666667E-02       -6.41087301E-01        6.11201965E-03    
   -4.16666667E-01       -4.16666667E-02       -6.72209408E-01        6.80925508E-03    
   -3.75000000E-01       -4.16666667E-02       -6.57520265E-01        5.77203409E-03    
   -3.33333333E-01       -4.16666667E-02       -5.98021125E-01        3.59136663E-03    
   -2.91666667E-01       -4.16666667E-02       -4.97767753E-01        1.30625790E-03    
   -2.50000000E-01       -4.16666667E-02       -3.63593428E-01        1.58479578E-03    
   -2.08333333E-01       -4.16666667E-02       -2.04642522E-01        2.85419955E-03    
   -1.66666667E-01       -4.16666667E-02       -3.17469106E-02        3.40173971E-03    
   -1.25000000E-01       -4.16666667E-02        1.43312004E-01        3.14327591E-03    
   -8.33333333E-02       -4.16666667E-02        3.08605502E-01        2.21403613E-03    
   -4.16666667E-02       -4.16666667E-02        4.52869745E-01        1.13502418E-03    
    0.00000000E+00       -4.16666667E-02        5.66273049E-01        6.91124082E-04    
    4.16666667E-02       -4.16666667E-02        6.41086117E-01        9.96217682E-05    
    8.33333333E-02       -4.16666667E-02        6.72209377E-01        2.04860150E-03    
    1.25000000E-01       -4.16666667E-02        6.57521135E-01        5.32235539E-03    
    1.66666667E-01       -4.16666667E-02        5.98022479E-01        8.96968898E-03    
    2.08333333E-01       -4.16666667E-02        4.97768939E-01        1.19126487E-02    
    2.50000000E-01       -4.16666667E-02        3.63593666E-01        1.33424365E-02    
    2.91666667E-01       -4.16666667E-02        2.04641209E-01        1.29998286E-02    
    3.33333333E-01       -4.16666667E-02        3.17439599E-02        1.11041538E-02    
    3.75000000E-01       -4.16666667E-02       -1.43316062E-01        8.05965572E-03    
    4.16666667E-01       -4.16666667E-02       -3.08609766E-01        4.28272074E-03    
    4.58333333E-01       -4.16666667E-02       -4.52873359E-01        8.73686944E-04    
    5.00000000E-01       -4.16666667E-02       -5.66275507E-01        3.69003888E-03    
   -5.00000000E-01        0.00000000E+00       -7.08073548E-01        2.80528977E-04    
   -4.58333333E-01        0.00000000E+00       -8.01619165E-01        2.74881377E-03    
   -4.16666667E-01        0.00000000E+00       -8.40535441E-01        3.88586015E-03    
   -3.75000000E-01        0.00000000E+00       -8.22169477E-01        3.23749551E-03    
   -3.33333333E-01        0.00000000E+00       -7.47772859E-01        1.26849264E-03    
   -2.91666667E-01        0.00000000E+00       -6.22416374E-01        1.31718870E-03    
   -2.50000000E-01        0.00000000E+00       -4.54643936E-01        3.49206431E-03    
   -2.08333333E-01        0.00000000E+00       -2.55889619E-01        4.83076739E-03    
   -1.66666667E-01        0.00000000E+00       -3.96980089E-02        5.09731169E-03    
   -1.25000000E-01        0.00000000E+00        1.79198709E-01        4.32833191E-03    
   -8.33333333E-02        0.00000000E+00        3.85884142E-01        2.81165703E-03    
   -4.16666667E-02        0.00000000E+00        5.66273559E-01        1.12836311E-03    
    0.00000000E+00        0.00000000E+00        7.08073420E-01        9.99919654E-05    
    4.16666667E-02        0.00000000E+00        8.01619353E-01        7.27455508E-04    
    8.33333333E-02        0.00000000E+00        8.40535310E-01        2.75894514E-03    
    1.25000000E-01        0.00000000E+00        8.22168654E-01        6.09243073E-03    
    1.66666667E-01        0.00000000E+00        7.47771231E-01        9.77041043E-03    
    2.08333333E-01        0.00000000E+00        6.22413945E-01        1.27213713E-02    
    2.50000000E-01        0.00000000E+00        4.54640745E-01        1.42346562E-02    
    2.91666667E-01        0.00000000E+00        2.55885834E-01        1.41896369E-02    
    3.33333333E-01        0.00000000E+00        3.96940598E-02        1.28739715E-02    
    3.75000000E-01        0.00000000E+00       -1.79202172E-01        1.05786138E-02    
    4.16666667E-01        0.00000000E+00       -3.85886524E-01        7.44337713E-03    
    4.58333333E-01        0.00000000E+00       -5.66274655E-01        3.72450824E-03    
    5.00000000E-01        0.00000000E+00       -7.08073548E-01        2.80528977E-04    
   -5.00000000E-01        4.16666667E-02       -8.01616416E-01        2.76709424E-03    
   -4.58333333E-01        4.16666667E-02       -9.07521169E-01        8.94834167E-05    
   -4.16666667E-01        4.16666667E-02       -9.51579865E-01        1.31776051E-03    
   -3.75000000E-01        4.16666667E-02       -9.30788955E-01        9.13027975E-04    
   -3.33333333E-01        4.16666667E-02       -8.46565003E-01        9.28410629E-04    
   -2.91666667E-01        4.16666667E-02       -7.04648280E-01        3.22140425E-03    
   -2.50000000E-01        4.16666667E-02       -5.14711153E-01        5.17150171E-03    
   -2.08333333E-01        4.16666667E-02       -2.89698265E-01        6.12097408E-03    
   -1.66666667E-01        4.16666667E-02       -4.49439083E-02        5.81112066E-03    
   -1.25000000E-01        4.16666667E-02        2.02872957E-01        4.35064067E-03    
   -8.33333333E-02        4.16666667E-02        4.36864866E-01        2.17541525E-03    
   -4.16666667E-02        4.16666667E-02        6.41086121E-01        9.96206270E-05    
    0.00000000E+00        4.16666667E-02        8.01619147E-01        1.33169887E-03    
    4.16666667E-02        4.16666667E-02        9.07523089E-01        1.29435349E-03    
    8.33333333E-02        4.16666667E-02        9.51579881E-01        1.80250232E-03    
    1.25000000E-01        4.16666667E-02        9.30786662E-01        4.88637580E-03    
    1.66666667E-01        4.16666667E-02        8.46560691E-01        8.46709878E-03    
    2.08333333E-01        4.16666667E-02        7.04642676E-01        1.13293022E-02    
    2.50000000E-01        4.16666667E-02        5.14705156E-01        1.28702333E-02    
    2.91666667E-01        4.16666667E-02        2.89692803E-01        1.31611885E-02    
    3.33333333E-01        4.16666667E-02        4.49398659E-02        1.26007364E-02    
    3.75000000E-01        4.16666667E-02       -2.02874897E-01        1.13363198E-02    
    4.16666667E-01        4.16666667E-02       -4.36864510E-01        9.18219251E-03    
    4.58333333E-01        4.16666667E-02       -6.41083990E-01        6.13938303E-03    
    5.00000000E-01        4.16666667E-02       -8.01616416E-01        2.76709424E-03    
   -5.00000000E-01        8.33333333E-02       -8.40528546E-01        3.92049826E-03    
   -4.58333333E-01        8.33333333E-02       -9.51575280E-01        1.34383358E-03    
   -4.16666667E-01        8.33333333E-02       -9.97774070E-01        6.57471783E-05    
   -3.75000000E-01        8.33333333E-02       -9.75975327E-01        4.18105547E-04    
   -3.33333333E-01        8.33333333E-02       -8.87664012E-01        1.98459765E-03    
   -2.91666667E-01        8.33333333E-02       -7.38858686E-01        4.03668157E-03    
   -2.50000000E-01        8.33333333E-02       -5.39701052E-01        5.61112825E-03    
   -2.08333333E-01        8.33333333E-02       -3.03764193E-01        6.02544711E-03    
   -1.66666667E-01        8.33333333E-02       -4.71270764E-02        5.03641521E-03    
   -1.25000000E-01        8.33333333E-02        2.12721273E-01        2.84463398E-03    
   -8.33333333E-02        8.33333333E-02        4.58073265E-01        2.04617541E-04    
   -4.16666667E-02        8.33333333E-02        6.72208972E-01        2.62435969E-03    
    0.00000000E+00        8.33333333E-02        8.40535247E-01        4.13672389E-03    
    4.16666667E-02        8.33333333E-02        9.51580293E-01        3.89521474E-03    
    8.33333333E-02        8.33333333E-02        9.97775827E-01        1.90515006E-03    
    1.25000000E-01        8.33333333E-02        9.75973312E-01        1.96101801E-03    
    1.66666667E-01        8.33333333E-02        8.87658795E-01        5.37345618E-03    
    2.08333333E-01        8.33333333E-02        7.38851594E-01        8.07132386E-03    
    2.50000000E-01        8.33333333E-02        5.39693736E-01        9.51754353E-03    
    2.91666667E-01        8.33333333E-02        3.03758288E-01        1.00593617E-02    
    3.33333333E-01        8.33333333E-02        4.71239428E-02        1.02905832E-02    
    3.75000000E-01        8.33333333E-02       -2.12720841E-01        1.01626187E-02    
    4.16666667E-01        8.33333333E-02       -4.58069354E-01        9.08899059E-03    
    4.58333333E-01        8.33333333E-02       -6.72202701E-01        6.83491858E-03    
    5.00000000E-01        8.33333333E-02       -8.40528546E-01        3.92049826E-03    
   -5.00000000E-01        1.25000000E-01       -8.22158052E-01        3.42003185E-03    
   -4.58333333E-01        1.25000000E-01       -9.30778982E-01        1.23463527E-03    
   -4.16666667E-01        1.25000000E-01       -9.75969525E-01        5.42483407E-04    
   -3.75000000E-01        1.25000000E-01       -9.54648645E-01        9.82642086E-05    
   -3.33333333E-01        1.25000000E-01       -8.68268461E-01        1.55503780E-03    
   -2.91666667E-01        1.25000000E-01       -7.22715660E-01        3.40229845E-03    
   -2.50000000E-01        1.25000000E-01       -5.27910147E-01        4.61356657E-03    
   -2.08333333E-01        1.25000000E-01       -2.97128454E-01        4.51529023E-03    
   -1.66666667E-01        1.25000000E-01       -4.60984249E-02        2.92559901E-03    
   -1.25000000E-01        1.25000000E-01        2.08072792E-01        6.17913787E-04    
   -8.33333333E-02        1.25000000E-01        4.48064318E-01        3.38043896E-03    
   -4.16666667E-02        1.25000000E-01        6.57521482E-01        6.30546616E-03    
    0.00000000E+00        1.25000000E-01        8.22170043E-01        7.91534469E-03    
    4.16666667E-02        1.25000000E-01        9.30788952E-01        7.58397891E-03    
    8.33333333E-02        1.25000000E-01        9.75975354E-01        5.32181920E-03    
    1.25000000E-01        1.25000000E-01        9.54649499E-01        1.87603851E-03    
    1.66666667E-01        1.25000000E-01        8.68264916E-01        1.75140850E-03    
    2.08333333E-01        1.25000000E-01        7.22709368E-01        4.18037628E-03    
    2.50000000E-01        1.25000000E-01        5.27903320E-01        5.25100940E-03    
    2.91666667E-01        1.25000000E-01        2.97123371E-01        5.71503811E-03    
    3.33333333E-01        1.25000000E-01        4.60969996E-02        6.60358099E-03    
    3.75000000E-01        1.25000000E-01       -2.08069449E-01        7.52860366E-03    
    4.16666667E-01        1.25000000E-01       -4.48056299E-01        7.40216461E-03    
    4.58333333E-01        1.25000000E-01       -6.57510232E-01        5.84836000E-03    
    5.00000000E-01        1.25000000E-01       -8.22158052E-01        3.42003185E-03    
   -5.00000000E-01        1.66666667E-01       -7.47757507E-01        2.25099423E-03    
   -4.58333333E-01        1.66666667E-01       -8.46550017E-01        1.80845984E-03    
   -4.16666667E-01        1.66666667E-01       -8.87652541E-01        2.19298373E-03    
   -3.75000000E-01        1.66666667E-01       -8.68262520E-01        1.58827095E-03    
   -3.33333333E-01        1.66666667E-01       -7.89700235E-01        2.48434401E-04    
   -2.91666667E-01        1.66666667E-01       -6.57319319E-01        1.76782480E-03    
   -2.50000000E-01        1.66666667E-01       -4.80141860E-01        2.71815314E-03    
   -2.08333333E-01        1.66666667E-01       -2.70243057E-01        2.27502281E-03    
   -1.66666667E-01        1.66666667E-01       -4.19277489E-02        9.26663353E-04    
   -1.25000000E-01        1.66666667E-01        1.89244696E-01        3.39213714E-03    
   -8.33333333E-02        1.66666667E-01        4.07520580E-01        6.99958656E-03    
   -4.16666667E-02        1.66666667E-01        5.98025074E-01        1.00710999E-02    
    0.00000000E+00        1.66666667E-01        7.47775569E-01        1.16320880E-02    
    4.16666667E-02        1.66666667E-01        8.46566361E-01        1.11160297E-02    
    8.33333333E-02        1.66666667E-01        8.87664389E-01        8.64177166E-03    
    1.25000000E-01        1.66666667E-01        8.68268478E-01        5.14851435E-03    
    1.66666667E-01        1.66666667E-01        7.89700561E-01        2.53901655E-03    
    2.08333333E-01        1.66666667E-01        6.57315682E-01        2.60804101E-03    
    2.50000000E-01        1.66666667E-01        4.80136810E-01        2.50755230E-03    
    2.91666667E-01        1.66666667E-01        2.70239448E-01        1.57083860E-03    
    3.33333333E-01        1.66666667E-01        4.19281522E-02        2.70246728E-03    
    3.75000000E-01        1.66666667E-01       -1.89238609E-01        4.45589043E-03    
    4.16666667E-01        1.66666667E-01       -4.07508585E-01        4.94518160E-03    
    4.58333333E-01        1.66666667E-01       -5.98008631E-01        3.92835958E-03    
    5.00000000E-01        1.66666667E-01       -7.47757507E-01        2.25099423E-03    
   -5.00000000E-01        2.08333333E-01       -6.22398273E-01        2.80418478E-03    
   -4.58333333E-01        2.08333333E-01       -7.04629542E-01        3.85315784E-03    
   -4.16666667E-01        2.08333333E-01       -7.38842827E-01        4.28298117E-03    
   -3.75000000E-01        2.08333333E-01       -7.22704992E-01        3.48061059E-03    
   -3.33333333E-01        2.08333333E-01       -6.57314460E-01        1.77906854E-03    
   -2.91666667E-01        2.08333333E-01       -5.47126966E-01        3.01697172E-04    
   -2.50000000E-01        2.08333333E-01       -3.99651954E-01        9.07710776E-04    
   -2.08333333E-01        2.08333333E-01       -2.24940399E-01        7.49573968E-04    
   -1.66666667E-01        2.08333333E-01       -3.48992670E-02        2.57297080E-03    
   -1.25000000E-01        2.08333333E-01        1.57520259E-01        6.01210597E-03    
   -8.33333333E-02        2.08333333E-01        3.39205314E-01        9.79414577E-03    
   -4.16666667E-02        2.08333333E-01        4.97774625E-01        1.28569569E-02    
    0.00000000E+00        2.08333333E-01        6.22421928E-01        1.42583161E-02    
    4.16666667E-02        2.08333333E-01        7.04652273E-01        1.34718842E-02    
    8.33333333E-02        2.08333333E-01        7.38861136E-01        1.06797155E-02    
    1.25000000E-01        2.08333333E-01        7.22716744E-01        6.92440847E-03    
    1.66666667E-01        2.08333333E-01        6.57319352E-01        4.15326027E-03    
    2.08333333E-01        2.08333333E-01        5.47126431E-01        3.82116716E-03    
    2.50000000E-01        2.08333333E-01        3.99648704E-01        3.66328816E-03    
    2.91666667E-01        2.08333333E-01        2.24937795E-01        2.31304649E-03    
    3.33333333E-01        2.08333333E-01        3.49006007E-02        1.14259894E-03    
    3.75000000E-01        2.08333333E-01       -1.57512575E-01        2.31293966E-03    
    4.16666667E-01        2.08333333E-01       -3.39190492E-01        2.89320538E-03    
    4.58333333E-01        2.08333333E-01       -4.97753894E-01        2.57716705E-03    
    5.00000000E-01        2.08333333E-01       -6.22398273E-01        2.80418478E-03    
   -5.00000000E-01        2.50000000E-01       -4.54624374E-01        4.36938994E-03    
   -4.58333333E-01        2.50000000E-01       -5.14690384E-01        5.61925111E-03    
   -4.16666667E-01        2.50000000E-01       -5.39682829E-01        5.82356396E-03    
   -3.75000000E-01        2.50000000E-01       -5.27896914E-01        4.71709364E-03    
   -3.33333333E-01        2.50000000E-01       -4.80134295E-01        2.77097853E-03    
   -2.91666667E-01        2.50000000E-01       -3.99649150E-01        9.23784578E-04    
   -2.50000000E-01        2.50000000E-01       -2.91926576E-01        9.99714980E-05    
   -2.08333333E-01        2.50000000E-01       -1.64308416E-01        1.01668435E-03    
   -1.66666667E-01        2.50000000E-01       -2.54923466E-02        3.52210885E-03    
   -1.25000000E-01        2.50000000E-01        1.15061251E-01        7.13062326E-03    
   -8.33333333E-02        2.50000000E-01        2.47774001E-01        1.09564004E-02    
   -4.16666667E-02        2.50000000E-01        3.63601972E-01        1.39682357E-02    
    0.00000000E+00        2.50000000E-01        4.54651647E-01        1.52405133E-02    
    4.16666667E-02        2.50000000E-01        5.14717690E-01        1.42520064E-02    
    8.33333333E-02        2.50000000E-01        5.39705983E-01        1.11661537E-02    
    1.25000000E-01        2.50000000E-01        5.27913016E-01        6.98065030E-03    
    1.66666667E-01        2.50000000E-01        4.80142413E-01        3.74325196E-03    
    2.08333333E-01        2.50000000E-01        3.99650390E-01        3.80002511E-03    
    2.50000000E-01        2.50000000E-01        2.91923709E-01        4.41067663E-03    
    2.91666667E-01        2.50000000E-01        1.64305238E-01        3.76029071E-03    
    3.33333333E-01        2.50000000E-01        2.54928378E-02        2.51561743E-03    
    3.75000000E-01        2.50000000E-01       -1.15053916E-01        1.98117573E-03    
    4.16666667E-01        2.50000000E-01       -2.47758404E-01        2.23055821E-03    
    4.58333333E-01        2.50000000E-01       -3.63579013E-01        2.97357074E-03    
    5.00000000E-01        2.50000000E-01       -4.54624374E-01        4.36938994E-03    
   -5.00000000E-01        2.91666667E-01       -2.55869791E-01        5.22718032E-03    
   -4.58333333E-01        2.91666667E-01       -2.89677381E-01        6.30194757E-03    
   -4.16666667E-01        2.91666667E-01       -3.03746045E-01        6.13219538E-03    
   -3.75000000E-01        2.91666667E-01       -2.97115378E-01        4.63701722E-03    
   -3.33333333E-01        2.91666667E-01       -2.70235558E-01        2.45224404E-03    
   -2.91666667E-01        2.91666667E-01       -2.24937449E-01        9.61845369E-04    
   -2.50000000E-01        2.91666667E-01       -1.64308070E-01        1.06043791E-03    
   -2.08333333E-01        2.91666667E-01       -9.24799005E-02        6.85617203E-04    
   -1.66666667E-01        2.91666667E-01       -1.43486686E-02        2.77857044E-03    
   -1.25000000E-01        2.91666667E-01        6.47607307E-02        6.38427021E-03    
   -8.33333333E-02        2.91666667E-01        1.39457174E-01        1.02325786E-02    
   -4.16666667E-02        2.91666667E-01        2.04650425E-01        1.32972859E-02    
    0.00000000E+00        2.91666667E-01        2.55897644E-01        1.46684344E-02    
    4.16666667E-02        2.91666667E-01        2.89705966E-01        1.38009980E-02    
    8.33333333E-02        2.91666667E-01        3.03770652E-01        1.07702417E-02    
    1.25000000E-01        2.91666667E-01        2.97132538E-01        6.36941290E-03    
    1.66666667E-01        2.91666667E-01        2.70243874E-01        2.08312953E-03    
    2.08333333E-01        2.91666667E-01        2.24937792E-01        2.31296456E-03    
    2.50000000E-01        2.91666667E-01        1.64303271E-01        3.81656449E-03    
    2.91666667E-01        2.91666667E-01        9.24740929E-02        3.72315431E-03    
    3.33333333E-01        2.91666667E-01        1.43463561E-02        2.70348111E-03    
    3.75000000E-01        2.91666667E-01       -6.47558031E-02        1.89230562E-03    
    4.16666667E-01        2.91666667E-01       -1.39443126E-01        2.23892973E-03    
    4.58333333E-01        2.91666667E-01       -2.04627920E-01        3.58633412E-03    
    5.00000000E-01        2.91666667E-01       -2.55869791E-01        5.22718032E-03    
   -5.00000000E-01        3.33333333E-01       -3.96791473E-02        4.98025173E-03    
   -4.58333333E-01        3.33333333E-01       -4.49250044E-02        5.67352223E-03    
   -4.16666667E-01        3.33333333E-01       -4.71117098E-02        5.02106287E-03    
   -3.75000000E-01        3.33333333E-01       -4.60885284E-02        3.15006938E-03    
   -3.33333333E-01        3.33333333E-01       -4.19233818E-02        1.54458721E-03    
   -2.91666667E-01        3.33333333E-01       -3.48990539E-02        2.72443350E-03    
   -2.50000000E-01        3.33333333E-01       -2.54942176E-02        3.56202652E-03    
   -2.08333333E-01        3.33333333E-01       -1.43505082E-02        2.80537437E-03    
   -1.66666667E-01        3.33333333E-01       -2.22818580E-03        1.40793452E-03    
   -1.25000000E-01        3.33333333E-01        1.00461665E-02        4.03865983E-03    
   -8.33333333E-02        3.33333333E-01        2.16360757E-02        7.88173233E-03    
   -4.16666667E-02        3.33333333E-01        3.17519174E-02        1.11777226E-02    
    0.00000000E+00        3.33333333E-01        3.97043330E-02        1.29977296E-02    
    4.16666667E-02        3.33333333E-01        4.49509707E-02        1.27565950E-02    
    8.33333333E-02        3.33333333E-01        4.71335307E-02        1.04288634E-02    
    1.25000000E-01        3.33333333E-01        4.61025655E-02        6.66642436E-03    
    1.66666667E-01        3.33333333E-01        4.19281581E-02        2.70226186E-03    
    2.08333333E-01        3.33333333E-01        3.48954724E-02        1.47706484E-03    
    2.50000000E-01        3.33333333E-01        2.54852438E-02        2.82160832E-03    
    2.91666667E-01        3.33333333E-01        1.43404766E-02        2.87454673E-03    
    3.33333333E-01        3.33333333E-01        2.22181598E-03        1.98778401E-03    
    3.75000000E-01        3.33333333E-01       -1.00449592E-02        1.19347601E-03    
    4.16666667E-01        3.33333333E-01       -2.16253307E-02        1.90462466E-03    
    4.58333333E-01        3.33333333E-01       -3.17323309E-02        3.46968614E-03    
    5.00000000E-01        3.33333333E-01       -3.96791473E-02        4.98025173E-03    
   -5.00000000E-01        3.75000000E-01        1.79215066E-01        3.79089415E-03    
   -4.58333333E-01        3.75000000E-01        2.02887537E-01        3.97397777E-03    
   -4.16666667E-01        3.75000000E-01        2.12730984E-01        2.81057551E-03    
   -3.75000000E-01        3.75000000E-01        2.08076401E-01        1.36259861E-03    
   -3.33333333E-01        3.75000000E-01        1.89242868E-01        3.51220079E-03    
   -2.91666667E-01        3.75000000E-01        1.57514935E-01        5.97738398E-03    
   -2.50000000E-01        3.75000000E-01        1.15054774E-01        7.08558222E-03    
   -2.08333333E-01        3.75000000E-01        6.47551511E-02        6.37369642E-03    
   -1.66666667E-01        3.75000000E-01        1.00429380E-02        4.05383863E-03    
   -1.25000000E-01        3.75000000E-01       -4.53538795E-02        1.74500751E-03    
   -8.33333333E-02        3.75000000E-01       -9.76601218E-02        4.46297557E-03    
   -4.16666667E-02        3.75000000E-01       -1.43310946E-01        8.04067814E-03    
    0.00000000E+00        3.75000000E-01       -1.79195204E-01        1.05582799E-02    
    4.16666667E-02        3.75000000E-01       -2.02867735E-01        1.13153924E-02    
    8.33333333E-02        3.75000000E-01       -2.12715964E-01        1.01430723E-02    
    1.25000000E-01        3.75000000E-01       -2.08069427E-01        7.52761248E-03    
    1.66666667E-01        3.75000000E-01       -1.89244971E-01        4.53808393E-03    
    2.08333333E-01        3.75000000E-01       -1.57524818E-01        2.57204657E-03    
    2.50000000E-01        3.75000000E-01       -1.15069230E-01        2.18655710E-03    
    2.91666667E-01        3.75000000E-01       -6.47698240E-02        1.88073467E-03    
    3.33333333E-01        3.75000000E-01       -1.00533126E-02        1.07148465E-03    
    3.75000000E-01        3.75000000E-01        4.53513439E-02        1.00009587E-04    
    4.16666667E-01        3.75000000E-01        9.76669413E-02        1.25257302E-03    
    4.58333333E-01        3.75000000E-01        1.43326029E-01        2.65498577E-03    
    5.00000000E-01        3.75000000E-01        1.79215066E-01        3.79089415E-03    
   -5.00000000E-01        4.16666667E-01        3.85896075E-01        2.18242876E-03    
   -4.58333333E-01        4.16666667E-01        4.36872656E-01        1.81121891E-03    
   -4.16666667E-01        4.16666667E-01        4.58074555E-01        5.19355985E-04    
   -3.75000000E-01        4.16666667E-01        4.48058826E-01        3.19473839E-03    
   -3.33333333E-01        4.16666667E-01        4.07509915E-01        6.64500467E-03    
   -2.91666667E-01        4.16666667E-01        3.39192146E-01        9.44203860E-03    
   -2.50000000E-01        4.16666667E-01        2.47761048E-01        1.07128846E-02    
   -2.08333333E-01        4.16666667E-01        1.39446470E-01        1.01184215E-02    
   -1.66666667E-01        4.16666667E-01        2.16287319E-02        7.85385006E-03    
   -1.25000000E-01        4.16666667E-01       -9.76637422E-02        4.46346432E-03    
   -8.33333333E-02        4.16666667E-01       -2.10301386E-01        1.49188405E-03    
   -4.16666667E-02        4.16666667E-01       -3.08607772E-01        4.25421504E-03    
    0.00000000E+00        4.16666667E-01       -3.85883196E-01        7.40893815E-03    
    4.16666667E-02        4.16666667E-01       -4.36861576E-01        9.15426273E-03    
    8.33333333E-02        4.16666667E-01       -4.58069326E-01        9.08691126E-03    
    1.25000000E-01        4.16666667E-01       -4.48061758E-01        7.43400243E-03    
    1.66666667E-01        4.16666667E-01       -4.07521054E-01        4.96154201E-03    
    2.08333333E-01        4.16666667E-01       -3.39209440E-01        2.65336714E-03    
    2.50000000E-01        4.16666667E-01       -2.47780974E-01        1.40270154E-03    
    2.91666667E-01        4.16666667E-01       -1.39464874E-01        1.39987569E-03    
    3.33333333E-01        4.16666667E-01       -2.16417673E-02        1.60660796E-03    
    3.75000000E-01        4.16666667E-01        9.76586606E-02        1.53643980E-03    
    4.16666667E-01        4.16666667E-01        2.10304788E-01        1.31079182E-03    
    4.58333333E-01        4.16666667E-01        3.08617812E-01        1.65641060E-03    
    5.00000000E-01        4.16666667E-01        3.85896075E-01        2.18242876E-03    
   -5.00000000E-01        4.58333333E-01        5.66279114E-01        1.02513013E-03    
   -4.58333333E-01        4.58333333E-01        6.41085020E-01        4.55938964E-04    
   -4.16666667E-01        4.58333333E-01        6.72199776E-01        2.13628677E-03    
   -3.75000000E-01        4.58333333E-01        6.57505014E-01        5.46094402E-03    
   -3.33333333E-01        4.58333333E-01        5.98003995E-01        9.12001593E-03    
   -2.91666667E-01        4.58333333E-01        4.97752392E-01        1.20318257E-02    
   -2.50000000E-01        4.58333333E-01        3.63581693E-01        1.34080168E-02    
   -2.08333333E-01        4.58333333E-01        2.04634102E-01        1.30120070E-02    
   -1.66666667E-01        4.58333333E-01        3.17402962E-02        1.10787291E-02    
   -1.25000000E-01        4.58333333E-01       -1.43318040E-01        8.01756867E-03    
   -8.33333333E-02        4.58333333E-01       -3.08610945E-01        4.24055636E-03    
   -4.16666667E-02        4.58333333E-01       -4.52873477E-01        8.56162797E-04    
    0.00000000E+00        4.58333333E-01       -5.66273883E-01        3.70955707E-03    
    4.16666667E-02        4.58333333E-01       -6.41083985E-01        6.13624009E-03    
    8.33333333E-02        4.58333333E-01       -6.72205895E-01        6.85205444E-03    
    1.25000000E-01        4.58333333E-01       -6.57519152E-01        5.84253527E-03    
    1.66666667E-01        4.58333333E-01       -5.98024791E-01        3.67046504E-03    
    2.08333333E-01        4.58333333E-01       -4.97776804E-01        1.25456241E-03    
    2.50000000E-01        4.58333333E-01       -3.63605887E-01        1.36218054E-03    
    2.91666667E-01        4.58333333E-01       -2.04654378E-01        2.75479362E-03    
    3.33333333E-01        4.58333333E-01       -3.17539008E-02        3.37813204E-03    
    3.75000000E-01        4.58333333E-01        1.43312247E-01        3.16338620E-03    
    4.16666667E-01        4.58333333E-01        3.08612088E-01        2.30068043E-03    
    4.58333333E-01        4.58333333E-01        4.52878720E-01        1.39611629E-03    
    5.00000000E-01        4.58333333E-01        5.66279114E-01        1.02513013E-03    
   -5.00000000E-01        5.00000000E-01        7.08071328E-01        8.62851351E-04    
   -4.58333333E-01        5.00000000E-01        8.01608195E-01        1.22680882E-03    
   -4.16666667E-01        5.00000000E-01        8.40514993E-01        3.07374626E-03    
   -3.75000000E-01        5.00000000E-01        8.22142434E-01        6.35617017E-03    
   -3.33333333E-01        5.00000000E-01        7.47744286E-01        9.98379389E-03    
   -2.91666667E-01        5.00000000E-01        6.22391141E-01        1.28615347E-02    
   -2.50000000E-01        5.00000000E-01        4.54624765E-01        1.42925348E-02    
   -2.08333333E-01        5.00000000E-01        2.55876547E-01        1.41783440E-02    
   -1.66666667E-01        5.00000000E-01        3.96893279E-02        1.28226812E-02    
   -1.25000000E-01        5.00000000E-01       -1.79204868E-01        1.05180242E-02    
   -8.33333333E-02        5.00000000E-01       -3.85888648E-01        7.39276934E-03    
   -4.16666667E-02        5.00000000E-01       -5.66276169E-01        3.68918308E-03    
    0.00000000E+00        5.00000000E-01       -7.08073585E-01        2.70485809E-04    
    4.16666667E-02        5.00000000E-01       -8.01617263E-01        2.77212342E-03    
    8.33333333E-02        5.00000000E-01       -8.40532432E-01        3.92705770E-03    
    1.25000000E-01        5.00000000E-01       -8.22167382E-01        3.31127241E-03    
    1.66666667E-01        5.00000000E-01       -7.47773793E-01        1.36356973E-03    
    2.08333333E-01        5.00000000E-01       -6.22421138E-01        1.14426556E-03    
    2.50000000E-01        5.00000000E-01       -4.54651228E-01        3.34989914E-03    
    2.91666667E-01        5.00000000E-01       -2.55896475E-01        4.73748645E-03    
    3.33333333E-01        5.00000000E-01       -3.97013694E-02        5.05607674E-03    
    3.75000000E-01        5.00000000E-01        1.79200128E-01        4.32586700E-03    
    4.16666667E-01        5.00000000E-01        3.85888745E-01        2.85889327E-03    
    4.58333333E-01        5.00000000E-01        5.66277239E-01        1.35195157E-03    
    5.00000000E-01        5.00000000E-01        7.08071328E-01        8.62851351E-04    
