Model dump (x mu nu), grid of 25x25=625 pts
Model parameter values (noise variance lengthscales [periods]): (1e-12, 0.23259465, [1.0, 0.39949275], [0.23259465, 1.0])
   -5.00000000E-01       -5.00000000E-01        6.72492270E-01        1.58442228E-01    
   -4.58333333E-01       -5.00000000E-01        6.84224752E-01        1.67152203E-01    
   -4.16666667E-01       -5.00000000E-01        6.32875290E-01        2.08276794E-01    
   -3.75000000E-01       -5.00000000E-01        5.37364858E-01        2.81042171E-01    
   -3.33333333E-01       -5.00000000E-01        4.23677107E-01        3.50169026E-01    
   -2.91666667E-01       -5.00000000E-01        3.14410188E-01        3.94854398E-01    
   -2.50000000E-01       -5.00000000E-01        2.21086303E-01        4.15588177E-01    
   -2.08333333E-01       -5.00000000E-01        1.43180374E-01        4.24213099E-01    
   -1.66666667E-01       -5.00000000E-01        7.24210887E-02        4.32143877E-01    
   -1.25000000E-01       -5.00000000E-01       -1.97691648E-03        4.42368550E-01    
   -8.33333333E-02       -5.00000000E-01       -8.96504301E-02        4.49916763E-01    
   -4.16666667E-02       -5.00000000E-01       -1.95876940E-01        4.47641051E-01    
    0.00000000E+00       -5.00000000E-01       -3.16838656E-01        4.30543328E-01    
    4.16666667E-02       -5.00000000E-01       -4.35119041E-01        3.98821422E-01    
    8.33333333E-02       -5.00000000E-01       -5.21577384E-01        3.62238685E-01    
    1.25000000E-01       -5.00000000E-01       -5.47502616E-01        3.40296146E-01    
    1.66666667E-01       -5.00000000E-01       -5.00626673E-01        3.45786995E-01    
    2.08333333E-01       -5.00000000E-01       -3.91200775E-01        3.65962978E-01    
    2.50000000E-01       -5.00000000E-01       -2.42061282E-01        3.74650858E-01    
    2.91666667E-01       -5.00000000E-01       -7.28532632E-02        3.53183881E-01    
    3.33333333E-01       -5.00000000E-01        1.06290375E-01        2.97975151E-01    
    3.75000000E-01       -5.00000000E-01        2.87945869E-01        2.23688487E-01    
    4.16666667E-01       -5.00000000E-01        4.57720556E-01        1.65380309E-01    
    4.58333333E-01       -5.00000000E-01        5.93212074E-01        1.52368651E-01    
    5.00000000E-01       -5.00000000E-01        6.72492270E-01        1.58442228E-01    
   -5.00000000E-01       -4.58333333E-01        6.83390706E-01        1.67149099E-01    
   -4.58333333E-01       -4.58333333E-01        6.76306837E-01        2.37141089E-01    
   -4.16666667E-01       -4.58333333E-01        6.15384621E-01        2.93139837E-01    
   -3.75000000E-01       -4.58333333E-01        5.21877126E-01        3.42849573E-01    
   -3.33333333E-01       -4.58333333E-01        4.18251942E-01        3.80602010E-01    
   -2.91666667E-01       -4.58333333E-01        3.20730411E-01        3.98145788E-01    
   -2.50000000E-01       -4.58333333E-01        2.34903333E-01        3.97220121E-01    
   -2.08333333E-01       -4.58333333E-01        1.56525418E-01        3.91002021E-01    
   -1.66666667E-01       -4.58333333E-01        7.59363113E-02        3.94464037E-01    
   -1.25000000E-01       -4.58333333E-01       -1.75084295E-02        4.09733197E-01    
   -8.33333333E-02       -4.58333333E-01       -1.32739268E-01        4.24505281E-01    
   -4.16666667E-02       -4.58333333E-01       -2.74030539E-01        4.23969386E-01    
    0.00000000E+00       -4.58333333E-01       -4.35189129E-01        3.98823083E-01    
    4.16666667E-02       -4.58333333E-01       -5.93250911E-01        3.48905973E-01    
    8.33333333E-02       -4.58333333E-01       -7.09965361E-01        2.90850462E-01    
    1.25000000E-01       -4.58333333E-01       -7.46771518E-01        2.63257616E-01    
    1.66666667E-01       -4.58333333E-01       -6.85760703E-01        2.89398701E-01    
    2.08333333E-01       -4.58333333E-01       -5.39103420E-01        3.36206023E-01    
    2.50000000E-01       -4.58333333E-01       -3.38309658E-01        3.63596539E-01    
    2.91666667E-01       -4.58333333E-01       -1.14777446E-01        3.52599087E-01    
    3.33333333E-01       -4.58333333E-01        1.10101444E-01        2.97755144E-01    
    3.75000000E-01       -4.58333333E-01        3.20503780E-01        2.03791289E-01    
    4.16666667E-01       -4.58333333E-01        4.98385729E-01        9.42520085E-02    
    4.58333333E-01       -4.58333333E-01        6.23888658E-01        8.19758503E-02    
    5.00000000E-01       -4.58333333E-01        6.83390706E-01        1.67149099E-01    
   -5.00000000E-01       -4.16666667E-01        6.29080528E-01        2.08260104E-01    
   -4.58333333E-01       -4.16666667E-01        6.12458104E-01        2.93139062E-01    
   -4.16666667E-01       -4.16666667E-01        5.54027856E-01        3.48227687E-01    
   -3.75000000E-01       -4.16666667E-01        4.74814384E-01        3.80171070E-01    
   -3.33333333E-01       -4.16666667E-01        3.92015291E-01        3.91521963E-01    
   -2.91666667E-01       -4.16666667E-01        3.14632972E-01        3.80564764E-01    
   -2.50000000E-01       -4.16666667E-01        2.42348052E-01        3.51278553E-01    
   -2.08333333E-01       -4.16666667E-01        1.67926102E-01        3.22864981E-01    
   -1.66666667E-01       -4.16666667E-01        8.14795143E-02        3.22372589E-01    
   -1.25000000E-01       -4.16666667E-01       -2.62626521E-02        3.52057808E-01    
   -8.33333333E-02       -4.16666667E-01       -1.62596548E-01        3.84357027E-01    
   -4.16666667E-02       -4.16666667E-01       -3.30518298E-01        3.92507755E-01    
    0.00000000E+00       -4.16666667E-01       -5.22125798E-01        3.62252577E-01    
    4.16666667E-02       -4.16666667E-01       -7.10650890E-01        2.90872130E-01    
    8.33333333E-02       -4.16666667E-01       -8.51308393E-01        1.94709841E-01    
    1.25000000E-01       -4.16666667E-01       -8.98286735E-01        1.42314425E-01    
    1.66666667E-01       -4.16666667E-01       -8.29577404E-01        2.02738281E-01    
    2.08333333E-01       -4.16666667E-01       -6.59118364E-01        2.84594019E-01    
    2.50000000E-01       -4.16666667E-01       -4.25464039E-01        3.33043466E-01    
    2.91666667E-01       -4.16666667E-01       -1.69292210E-01        3.36309795E-01    
    3.33333333E-01       -4.16666667E-01        7.96752404E-02        2.92021043E-01    
    3.75000000E-01       -4.16666667E-01        3.00439392E-01        2.02991414E-01    
    4.16666667E-01       -4.16666667E-01        4.74306863E-01        9.25804411E-02    
    4.58333333E-01       -4.16666667E-01        5.85719356E-01        1.01387811E-01    
    5.00000000E-01       -4.16666667E-01        6.29080528E-01        2.08260104E-01    
   -5.00000000E-01       -3.75000000E-01        5.29459690E-01        2.80948404E-01    
   -4.58333333E-01       -3.75000000E-01        5.14924181E-01        3.42821046E-01    
   -4.16666667E-01       -3.75000000E-01        4.71255950E-01        3.80187270E-01    
   -3.75000000E-01       -3.75000000E-01        4.16321217E-01        3.92015461E-01    
   -3.33333333E-01       -3.75000000E-01        3.60812877E-01        3.80146883E-01    
   -2.91666667E-01       -3.75000000E-01        3.06774877E-01        3.42700326E-01    
   -2.50000000E-01       -3.75000000E-01        2.49287008E-01        2.80932976E-01    
   -2.08333333E-01       -3.75000000E-01        1.80053533E-01        2.18987134E-01    
   -1.66666667E-01       -3.75000000E-01        9.10575015E-02        2.14946608E-01    
   -1.25000000E-01       -3.75000000E-01       -2.38165616E-02        2.75461634E-01    
   -8.33333333E-02       -3.75000000E-01       -1.69219731E-01        3.38229018E-01    
   -4.16666667E-02       -3.75000000E-01       -3.47039172E-01        3.64549180E-01    
    0.00000000E+00       -3.75000000E-01       -5.49423787E-01        3.40302141E-01    
    4.16666667E-02       -3.75000000E-01       -7.49401232E-01        2.63250805E-01    
    8.33333333E-02       -3.75000000E-01       -9.00609459E-01        1.42307987E-01    
    1.25000000E-01       -3.75000000E-01       -9.54648663E-01        1.00009997E-04    
    1.66666667E-01       -3.75000000E-01       -8.87605834E-01        1.33021109E-01    
    2.08333333E-01       -3.75000000E-01       -7.13823824E-01        2.32395885E-01    
    2.50000000E-01       -3.75000000E-01       -4.74824543E-01        2.90320262E-01    
    2.91666667E-01       -3.75000000E-01       -2.15593494E-01        3.09932789E-01    
    3.33333333E-01       -3.75000000E-01        3.04296537E-02        2.93661455E-01    
    3.75000000E-01       -3.75000000E-01        2.40942993E-01        2.47346455E-01    
    4.16666667E-01       -3.75000000E-01        3.99372399E-01        2.02668529E-01    
    4.58333333E-01       -3.75000000E-01        4.95297869E-01        2.16645333E-01    
    5.00000000E-01       -3.75000000E-01        5.29459690E-01        2.80948404E-01    
   -5.00000000E-01       -3.33333333E-01        4.10577145E-01        3.49827752E-01    
   -4.58333333E-01       -3.33333333E-01        4.06470442E-01        3.80429881E-01    
   -4.16666667E-01       -3.33333333E-01        3.85195079E-01        3.91522805E-01    
   -3.75000000E-01       -3.33333333E-01        3.59085807E-01        3.80175372E-01    
   -3.33333333E-01       -3.33333333E-01        3.31658643E-01        3.48300293E-01    
   -2.91666667E-01       -3.33333333E-01        2.98846002E-01        2.93320904E-01    
   -2.50000000E-01       -3.33333333E-01        2.53083310E-01        2.08400896E-01    
   -2.08333333E-01       -3.33333333E-01        1.87614252E-01        1.01316323E-01    
   -1.66666667E-01       -3.33333333E-01        9.89287402E-02        9.65016231E-02    
   -1.25000000E-01       -3.33333333E-01       -1.39635711E-02        2.11974600E-01    
   -8.33333333E-02       -3.33333333E-01       -1.52330428E-01        3.06400563E-01    
   -4.16666667E-02       -3.33333333E-01       -3.17787779E-01        3.52932881E-01    
    0.00000000E+00       -3.33333333E-01       -5.05219981E-01        3.45545751E-01    
    4.16666667E-02       -3.33333333E-01       -6.92104980E-01        2.88870684E-01    
    8.33333333E-02       -3.33333333E-01       -8.36463347E-01        2.01996251E-01    
    1.25000000E-01       -3.33333333E-01       -8.92578822E-01        1.32641393E-01    
    1.66666667E-01       -3.33333333E-01       -8.36687656E-01        1.41444105E-01    
    2.08333333E-01       -3.33333333E-01       -6.81243378E-01        1.86491712E-01    
    2.50000000E-01       -3.33333333E-01       -4.65374137E-01        2.26835693E-01    
    2.91666667E-01       -3.33333333E-01       -2.32429722E-01        2.62502615E-01    
    3.33333333E-01       -3.33333333E-01       -1.47765294E-02        2.87839035E-01    
    3.75000000E-01       -3.33333333E-01        1.67189900E-01        2.95656666E-01    
    4.16666667E-01       -3.33333333E-01        3.00651959E-01        2.97500779E-01    
    4.58333333E-01       -3.33333333E-01        3.80144644E-01        3.15331039E-01    
    5.00000000E-01       -3.33333333E-01        4.10577145E-01        3.49827752E-01    
   -5.00000000E-01       -2.91666667E-01        2.92415379E-01        3.93776570E-01    
   -4.58333333E-01       -2.91666667E-01        3.01030300E-01        3.97455144E-01    
   -4.16666667E-01       -2.91666667E-01        3.03143124E-01        3.80399001E-01    
   -3.75000000E-01       -2.91666667E-01        3.04352860E-01        3.42730002E-01    
   -3.33333333E-01       -2.91666667E-01        3.00931787E-01        2.93231838E-01    
   -2.91666667E-01       -2.91666667E-01        2.83723115E-01        2.37701372E-01    
   -2.50000000E-01       -2.91666667E-01        2.44443794E-01        1.68332172E-01    
   -2.08333333E-01       -2.91666667E-01        1.80368389E-01        8.33927734E-02    
   -1.66666667E-01       -2.91666667E-01        9.49185191E-02        9.40999204E-02    
   -1.25000000E-01       -2.91666667E-01       -6.21722688E-03        2.04700722E-01    
   -8.33333333E-02       -2.91666667E-01       -1.20825949E-01        3.00495084E-01    
   -4.16666667E-02       -2.91666667E-01       -2.51771181E-01        3.55843140E-01    
    0.00000000E+00       -2.91666667E-01       -3.99721910E-01        3.64760214E-01    
    4.16666667E-02       -2.91666667E-01       -5.50976138E-01        3.33806077E-01    
    8.33333333E-02       -2.91666667E-01       -6.72913523E-01        2.81253901E-01    
    1.25000000E-01       -2.91666667E-01       -7.26472564E-01        2.29824674E-01    
    1.66666667E-01       -2.91666667E-01       -6.89109333E-01        1.85888575E-01    
    2.08333333E-01       -2.91666667E-01       -5.68879217E-01        1.41484948E-01    
    2.50000000E-01       -2.91666667E-01       -3.97703177E-01        1.29080150E-01    
    2.91666667E-01       -2.91666667E-01       -2.12380650E-01        1.89402717E-01    
    3.33333333E-01       -2.91666667E-01       -4.07136928E-02        2.67330071E-01    
    3.75000000E-01       -2.91666667E-01        1.00554763E-01        3.23610379E-01    
    4.16666667E-01       -2.91666667E-01        2.02652866E-01        3.56249680E-01    
    4.58333333E-01       -2.91666667E-01        2.64185430E-01        3.77765701E-01    
    5.00000000E-01       -2.91666667E-01        2.92415379E-01        3.93776570E-01    
   -5.00000000E-01       -2.50000000E-01        1.80886004E-01        4.12170990E-01    
   -4.58333333E-01       -2.50000000E-01        1.98730669E-01        3.94640465E-01    
   -4.16666667E-01       -2.50000000E-01        2.19603426E-01        3.50196049E-01    
   -3.75000000E-01       -2.50000000E-01        2.42495403E-01        2.80857875E-01    
   -3.33333333E-01       -2.50000000E-01        2.57014163E-01        2.08230843E-01    
   -2.91666667E-01       -2.50000000E-01        2.49907242E-01        1.67784911E-01    
   -2.50000000E-01       -2.50000000E-01        2.13511117E-01        1.59731814E-01    
   -2.08333333E-01       -2.50000000E-01        1.50648584E-01        1.53471676E-01    
   -1.66666667E-01       -2.50000000E-01        7.29624002E-02        1.65293768E-01    
   -1.25000000E-01       -2.50000000E-01       -6.70308807E-03        2.23037774E-01    
   -8.33333333E-02       -2.50000000E-01       -8.33894900E-02        2.97595295E-01    
   -4.16666667E-02       -2.50000000E-01       -1.63090871E-01        3.52409345E-01    
    0.00000000E+00       -2.50000000E-01       -2.54875422E-01        3.71396817E-01    
    4.16666667E-02       -2.50000000E-01       -3.56700613E-01        3.56939238E-01    
    8.33333333E-02       -2.50000000E-01       -4.47796250E-01        3.23222317E-01    
    1.25000000E-01       -2.50000000E-01       -4.97165953E-01        2.80886915E-01    
    1.66666667E-01       -2.50000000E-01       -4.83176616E-01        2.21423432E-01    
    2.08333333E-01       -2.50000000E-01       -4.07475002E-01        1.27761983E-01    
    2.50000000E-01       -2.50000000E-01       -2.91926580E-01        1.00009997E-04    
    2.91666667E-01       -2.50000000E-01       -1.64265579E-01        1.38718820E-01    
    3.33333333E-01       -2.50000000E-01       -4.63107780E-02        2.58374935E-01    
    3.75000000E-01       -2.50000000E-01        4.90583033E-02        3.41135953E-01    
    4.16666667E-01       -2.50000000E-01        1.16454413E-01        3.87755466E-01    
    4.58333333E-01       -2.50000000E-01        1.57517290E-01        4.09049640E-01    
    5.00000000E-01       -2.50000000E-01        1.80886004E-01        4.12170990E-01    
   -5.00000000E-01       -2.08333333E-01        6.85707414E-02        4.13799897E-01    
   -4.58333333E-01       -2.08333333E-01        8.82459995E-02        3.82084068E-01    
   -4.16666667E-01       -2.08333333E-01        1.20227121E-01        3.17572425E-01    
   -3.75000000E-01       -2.08333333E-01        1.58174726E-01        2.17256375E-01    
   -3.33333333E-01       -2.08333333E-01        1.86212306E-01        1.01308719E-01    
   -2.91666667E-01       -2.08333333E-01        1.87861992E-01        8.24079637E-02    
   -2.50000000E-01       -2.08333333E-01        1.56472556E-01        1.52872435E-01    
   -2.08333333E-01       -2.08333333E-01        1.00301003E-01        1.82636593E-01    
   -1.66666667E-01       -2.08333333E-01        3.86228512E-02        1.80710011E-01    
   -1.25000000E-01       -2.08333333E-01       -9.63918039E-03        2.02317358E-01    
   -8.33333333E-02       -2.08333333E-01       -3.83088806E-02        2.63435093E-01    
   -4.16666667E-02       -2.08333333E-01       -5.82140813E-02        3.21819986E-01    
    0.00000000E+00       -2.08333333E-01       -8.82065767E-02        3.47580940E-01    
    4.16666667E-02       -2.08333333E-01       -1.38488559E-01        3.39387558E-01    
    8.33333333E-02       -2.08333333E-01       -1.99728228E-01        3.14499161E-01    
    1.25000000E-01       -2.08333333E-01       -2.47809193E-01        2.86079702E-01    
    1.66666667E-01       -2.08333333E-01       -2.60595443E-01        2.44854736E-01    
    2.08333333E-01       -2.08333333E-01       -2.32230249E-01        1.80627564E-01    
    2.50000000E-01       -2.08333333E-01       -1.74012049E-01        1.36706259E-01    
    2.91666667E-01       -2.08333333E-01       -1.04662527E-01        1.94598867E-01    
    3.33333333E-01       -2.08333333E-01       -4.05323841E-02        2.90373905E-01    
    3.75000000E-01       -2.08333333E-01        8.48230836E-03        3.64752439E-01    
    4.16666667E-01       -2.08333333E-01        3.93621094E-02        4.06516897E-01    
    4.58333333E-01       -2.08333333E-01        5.60618841E-02        4.21078674E-01    
    5.00000000E-01       -2.08333333E-01        6.85707414E-02        4.13799897E-01    
   -5.00000000E-01       -1.66666667E-01       -5.76194182E-02        4.03852960E-01    
   -4.58333333E-01       -1.66666667E-01       -4.52056263E-02        3.68311612E-01    
   -4.16666667E-01       -1.66666667E-01       -1.01115123E-02        3.03860263E-01    
   -3.75000000E-01       -1.66666667E-01        3.80368455E-02        2.05101238E-01    
   -3.33333333E-01       -1.66666667E-01        7.94440591E-02        9.31519529E-02    
   -2.91666667E-01       -1.66666667E-01        9.50357363E-02        9.41000742E-02    
   -2.50000000E-01       -1.66666667E-01        7.85116148E-02        1.65022518E-01    
   -2.08333333E-01       -1.66666667E-01        4.16621347E-02        1.80549259E-01    
   -1.66666667E-01       -1.66666667E-01        8.75435620E-03        1.40299330E-01    
   -1.25000000E-01       -1.66666667E-01        2.10134686E-03        1.21452644E-01    
   -8.33333333E-02       -1.66666667E-01        2.70069637E-02        1.90783864E-01    
   -4.16666667E-02       -1.66666667E-01        6.68131655E-02        2.63565240E-01    
    0.00000000E+00       -1.66666667E-01        9.32896570E-02        2.92844035E-01    
    4.16666667E-02       -1.66666667E-01        8.58295041E-02        2.79648027E-01    
    8.33333333E-02       -1.66666667E-01        4.51760306E-02        2.54837137E-01    
    1.25000000E-01       -1.66666667E-01       -8.55307775E-03        2.49149239E-01    
    1.66666667E-01       -1.66666667E-01       -5.09767411E-02        2.53662992E-01    
    2.08333333E-01       -1.66666667E-01       -6.87431996E-02        2.49301947E-01    
    2.50000000E-01       -1.66666667E-01       -6.39890787E-02        2.52357651E-01    
    2.91666667E-01       -1.66666667E-01       -4.83339395E-02        2.89147731E-01    
    3.33333333E-01       -1.66666667E-01       -3.44005483E-02        3.45977037E-01    
    3.75000000E-01       -1.66666667E-01       -3.04641522E-02        3.93166451E-01    
    4.16666667E-01       -1.66666667E-01       -3.80823617E-02        4.17360758E-01    
    4.58333333E-01       -1.66666667E-01       -5.11757179E-02        4.19564150E-01    
    5.00000000E-01       -1.66666667E-01       -5.76194182E-02        4.03852960E-01    
   -5.00000000E-01       -1.25000000E-01       -2.06921557E-01        3.76244657E-01    
   -4.58333333E-01       -1.25000000E-01       -2.10696910E-01        3.47019256E-01    
   -4.16666667E-01       -1.25000000E-01       -1.79151056E-01        3.06268305E-01    
   -3.75000000E-01       -1.25000000E-01       -1.22816378E-01        2.50375854E-01    
   -3.33333333E-01       -1.25000000E-01       -6.37757128E-02        2.03264666E-01    
   -2.91666667E-01       -1.25000000E-01       -2.34463105E-02        2.03506991E-01    
   -2.50000000E-01       -1.25000000E-01       -9.34026350E-03        2.23016319E-01    
   -2.08333333E-01       -1.25000000E-01       -9.38664758E-03        2.02314127E-01    
   -1.66666667E-01       -1.25000000E-01        1.53812673E-03        1.21463022E-01    
   -1.25000000E-01       -1.25000000E-01        4.53513048E-02        1.00009997E-04    
   -8.33333333E-02       -1.25000000E-01        1.24246867E-01        1.21275132E-01    
   -4.16666667E-02       -1.25000000E-01        2.15773509E-01        2.02673466E-01    
    0.00000000E+00       -1.25000000E-01        2.84649352E-01        2.23234373E-01    
    4.16666667E-02       -1.25000000E-01        3.03817708E-01        1.90536785E-01    
    8.33333333E-02       -1.25000000E-01        2.69827303E-01        1.55185190E-01    
    1.25000000E-01       -1.25000000E-01        2.02164716E-01        1.87156076E-01    
    1.66666667E-01       -1.25000000E-01        1.28619955E-01        2.51975096E-01    
    2.08333333E-01       -1.25000000E-01        6.88106370E-02        3.00358139E-01    
    2.50000000E-01       -1.25000000E-01        2.70668578E-02        3.31928767E-01    
    2.91666667E-01       -1.25000000E-01       -3.97267597E-03        3.61981777E-01    
    3.33333333E-01       -1.25000000E-01       -3.53608832E-02        3.92483909E-01    
    3.75000000E-01       -1.25000000E-01       -7.50674224E-02        4.12723596E-01    
    4.16666667E-01       -1.25000000E-01       -1.23737692E-01        4.14780021E-01    
    4.58333333E-01       -1.25000000E-01       -1.72870236E-01        4.00118651E-01    
    5.00000000E-01       -1.25000000E-01       -2.06921557E-01        3.76244657E-01    
   -5.00000000E-01       -8.33333333E-02       -3.77166139E-01        3.17856944E-01    
   -4.58333333E-01       -8.33333333E-02       -4.04786761E-01        3.00014553E-01    
   -4.16666667E-01       -8.33333333E-02       -3.82088873E-01        2.97349445E-01    
   -3.75000000E-01       -8.33333333E-02       -3.18093095E-01        2.93840101E-01    
   -3.33333333E-01       -8.33333333E-02       -2.35633520E-01        2.90944548E-01    
   -2.91666667E-01       -8.33333333E-02       -1.58554186E-01        2.97098331E-01    
   -2.50000000E-01       -8.33333333E-02       -9.76426360E-02        2.97093422E-01    
   -2.08333333E-01       -8.33333333E-02       -4.43185883E-02        2.63357679E-01    
   -1.66666667E-01       -8.33333333E-02        2.28567124E-02        1.90747724E-01    
   -1.25000000E-01       -8.33333333E-02        1.21510876E-01        1.21229186E-01    
   -8.33333333E-02       -8.33333333E-02        2.48935624E-01        1.30770471E-01    
   -4.16666667E-02       -8.33333333E-02        3.78034561E-01        1.65221692E-01    
    0.00000000E+00       -8.33333333E-02        4.70310255E-01        1.55815653E-01    
    4.16666667E-02       -8.33333333E-02        4.97489183E-01        9.41625154E-02    
    8.33333333E-02       -8.33333333E-02        4.56736023E-01        5.21140763E-02    
    1.25000000E-01       -8.33333333E-02        3.69651661E-01        1.57980034E-01    
    1.66666667E-01       -8.33333333E-02        2.67352398E-01        2.63438793E-01    
    2.08333333E-01       -8.33333333E-02        1.73292881E-01        3.36410925E-01    
    2.50000000E-01       -8.33333333E-02        9.48702274E-02        3.78815344E-01    
    2.91666667E-01       -8.33333333E-02        2.59832847E-02        4.03289208E-01    
    3.33333333E-01       -8.33333333E-02       -4.47813352E-02        4.16353159E-01    
    3.75000000E-01       -8.33333333E-02       -1.25995284E-01        4.14529644E-01    
    4.16666667E-01       -8.33333333E-02       -2.17549069E-01        3.92811546E-01    
    4.58333333E-01       -8.33333333E-02       -3.08014867E-01        3.54900592E-01    
    5.00000000E-01       -8.33333333E-02       -3.77166139E-01        3.17856944E-01    
   -5.00000000E-01       -4.16666667E-02       -5.51234757E-01        2.22669298E-01    
   -4.58333333E-01       -4.16666667E-02       -6.08595041E-01        2.15804303E-01    
   -4.16666667E-01       -4.16666667E-02       -5.99929050E-01        2.59045894E-01    
   -3.75000000E-01       -4.16666667E-02       -5.30414042E-01        3.03084886E-01    
   -3.33333333E-01       -4.16666667E-02       -4.22044602E-01        3.32953838E-01    
   -2.91666667E-01       -4.16666667E-02       -3.01148653E-01        3.51303928E-01    
   -2.50000000E-01       -4.16666667E-02       -1.83736051E-01        3.51604288E-01    
   -2.08333333E-01       -4.16666667E-02       -6.80748436E-02        3.21649824E-01    
   -1.66666667E-01       -4.16666667E-02        5.98053098E-02        2.63484673E-01    
   -1.25000000E-01       -4.16666667E-02        2.10335551E-01        2.02604781E-01    
   -8.33333333E-02       -4.16666667E-02        3.75169964E-01        1.65181755E-01    
   -4.16666667E-02       -4.16666667E-02        5.24668556E-01        1.36146748E-01    
    0.00000000E+00       -4.16666667E-02        6.21556084E-01        8.61065199E-02    
    4.16666667E-02       -4.16666667E-02        6.41519858E-01        2.47794123E-02    
    8.33333333E-02       -4.16666667E-02        5.86283417E-01        1.01345385E-01    
    1.25000000E-01       -4.16666667E-02        4.80869677E-01        2.07709741E-01    
    1.66666667E-01       -4.16666667E-02        3.58231118E-01        3.01702281E-01    
    2.08333333E-01       -4.16666667E-02        2.42417118E-01        3.67280798E-01    
    2.50000000E-01       -4.16666667E-02        1.40432628E-01        4.03486121E-01    
    2.91666667E-01       -4.16666667E-02        4.49085350E-02        4.18803207E-01    
    3.33333333E-01       -4.16666667E-02       -5.71927350E-02        4.18785659E-01    
    3.75000000E-01       -4.16666667E-02       -1.75366814E-01        3.99912787E-01    
    4.16666667E-01       -4.16666667E-02       -3.08646963E-01        3.54901696E-01    
    4.58333333E-01       -4.16666667E-02       -4.42425540E-01        2.86116288E-01    
    5.00000000E-01       -4.16666667E-02       -5.51234757E-01        2.22669298E-01    
   -5.00000000E-01        0.00000000E+00       -6.99567921E-01        1.12276097E-01    
   -4.58333333E-01        0.00000000E+00       -7.90049464E-01        1.04890200E-01    
   -4.16666667E-01        0.00000000E+00       -8.01259019E-01        1.98002999E-01    
   -3.75000000E-01        0.00000000E+00       -7.32475470E-01        2.75174807E-01    
   -3.33333333E-01        0.00000000E+00       -6.02994149E-01        3.28178602E-01    
   -2.91666667E-01        0.00000000E+00       -4.41101641E-01        3.61797266E-01    
   -2.50000000E-01        0.00000000E+00       -2.69109481E-01        3.71069589E-01    
   -2.08333333E-01        0.00000000E+00       -9.42426294E-02        3.47543612E-01    
   -1.66666667E-01        0.00000000E+00        8.78344951E-02        2.92826030E-01    
   -1.25000000E-01        0.00000000E+00        2.79178673E-01        2.23205693E-01    
   -8.33333333E-02        0.00000000E+00        4.66452731E-01        1.55786711E-01    
   -4.16666667E-02        0.00000000E+00        6.20132185E-01        8.60951247E-02    
    0.00000000E+00        0.00000000E+00        7.08073406E-01        1.00009980E-04    
    4.16666667E-02        0.00000000E+00        7.13598273E-01        9.86920206E-02    
    8.33333333E-02        0.00000000E+00        6.44941960E-01        1.95567959E-01    
    1.25000000E-01        0.00000000E+00        5.30076074E-01        2.80912346E-01    
    1.66666667E-01        0.00000000E+00        4.01305637E-01        3.47906208E-01    
    2.08333333E-01        0.00000000E+00        2.79999440E-01        3.90748254E-01    
    2.50000000E-01        0.00000000E+00        1.69987582E-01        4.10054778E-01    
    2.91666667E-01        0.00000000E+00        6.10690437E-02        4.12816142E-01    
    3.33333333E-01        0.00000000E+00       -6.17731720E-02        4.03519593E-01    
    3.75000000E-01        0.00000000E+00       -2.08669340E-01        3.76219199E-01    
    4.16666667E-01        0.00000000E+00       -3.77620012E-01        3.17997211E-01    
    4.58333333E-01        0.00000000E+00       -5.51243088E-01        2.22874427E-01    
    5.00000000E-01        0.00000000E+00       -6.99567921E-01        1.12276097E-01    
   -5.00000000E-01        4.16666667E-02       -7.89844050E-01        1.05437938E-01    
   -4.58333333E-01        4.16666667E-02       -9.12511624E-01        4.85154100E-02    
   -4.16666667E-01        4.16666667E-02       -9.48616075E-01        1.34562456E-01    
   -3.75000000E-01        4.16666667E-02       -8.90308336E-01        2.13914584E-01    
   -3.33333333E-01        4.16666667E-02       -7.52229295E-01        2.81215216E-01    
   -2.91666667E-01        4.16666667E-02       -5.63151136E-01        3.33537419E-01    
   -2.50000000E-01        4.16666667E-02       -3.51207962E-01        3.56871240E-01    
   -2.08333333E-01        4.16666667E-02       -1.32784347E-01        3.39289186E-01    
   -1.66666667E-01        4.16666667E-02        8.66830286E-02        2.79637163E-01    
   -1.25000000E-01        4.16666667E-02        3.01548073E-01        1.90551965E-01    
   -8.33333333E-02        4.16666667E-02        4.95296894E-01        9.41654786E-02    
   -4.16666667E-02        4.16666667E-02        6.41118747E-01        2.47790053E-02    
    0.00000000E+00        4.16666667E-02        7.14433942E-01        9.86889111E-02    
    4.16666667E-02        4.16666667E-02        7.07442203E-01        1.91460075E-01    
    8.33333333E-02        4.16666667E-02        6.34417529E-01        2.75579219E-01    
    1.25000000E-01        4.16666667E-02        5.24302614E-01        3.39851061E-01    
    1.66666667E-01        4.16666667E-02        4.06057097E-01        3.80449654E-01    
    2.08333333E-01        4.16666667E-02        2.95904717E-01        3.97156580E-01    
    2.50000000E-01        4.16666667E-02        1.92984533E-01        3.94215136E-01    
    2.91666667E-01        4.16666667E-02        8.39382362E-02        3.81846557E-01    
    3.33333333E-01        4.16666667E-02       -4.76284316E-02        3.68263786E-01    
    3.75000000E-01        4.16666667E-02       -2.11644635E-01        3.47124967E-01    
    4.16666667E-01        4.16666667E-02       -4.04917722E-01        3.00278176E-01    
    4.58333333E-01        4.16666667E-02       -6.08425027E-01        2.16228129E-01    
    5.00000000E-01        4.16666667E-02       -7.89844050E-01        1.05437938E-01    
   -5.00000000E-01        8.33333333E-02       -8.00469233E-01        1.98410668E-01    
   -4.58333333E-01        8.33333333E-02       -9.47806673E-01        1.34815669E-01    
   -4.16666667E-01        8.33333333E-02       -1.00955637E+00        9.20951584E-02    
   -3.75000000E-01        8.33333333E-02       -9.71088805E-01        1.19858566E-01    
   -3.33333333E-01        8.33333333E-02       -8.40970080E-01        2.01934675E-01    
   -2.91666667E-01        8.33333333E-02       -6.46140470E-01        2.79668065E-01    
   -2.50000000E-01        8.33333333E-02       -4.18201477E-01        3.21424922E-01    
   -2.08333333E-01        8.33333333E-02       -1.80694574E-01        3.13635903E-01    
   -1.66666667E-01        8.33333333E-02        5.29964141E-02        2.54606469E-01    
   -1.25000000E-01        8.33333333E-02        2.71562956E-01        1.55155616E-01    
   -8.33333333E-02        8.33333333E-02        4.57580971E-01        5.21124689E-02    
   -4.16666667E-02        8.33333333E-02        5.88798643E-01        1.01363210E-01    
    0.00000000E+00        8.33333333E-02        6.48740989E-01        1.95575595E-01    
    4.16666667E-02        8.33333333E-02        6.37346321E-01        2.75572367E-01    
    8.33333333E-02        8.33333333E-02        5.72557902E-01        3.37451977E-01    
    1.25000000E-01        8.33333333E-02        4.81612209E-01        3.76773555E-01    
    1.66666667E-01        8.33333333E-02        3.87967044E-01        3.91125472E-01    
    2.08333333E-01        8.33333333E-02        3.01524670E-01        3.80469425E-01    
    2.50000000E-01        8.33333333E-02        2.16660605E-01        3.50216364E-01    
    2.91666667E-01        8.33333333E-02        1.17755088E-01        3.17579819E-01    
    3.33333333E-01        8.33333333E-02       -1.15128365E-02        3.03907144E-01    
    3.75000000E-01        8.33333333E-02       -1.79596458E-01        3.06404620E-01    
    4.16666667E-01        8.33333333E-02       -3.81927988E-01        2.97614338E-01    
    4.58333333E-01        8.33333333E-02       -5.99406969E-01        2.59430584E-01    
    5.00000000E-01        8.33333333E-02       -8.00469233E-01        1.98410668E-01    
   -5.00000000E-01        1.25000000E-01       -7.30273797E-01        2.75434866E-01    
   -4.58333333E-01        1.25000000E-01       -8.87486970E-01        2.14130382E-01    
   -4.16666667E-01        1.25000000E-01       -9.68681923E-01        1.19969633E-01    
   -3.75000000E-01        1.25000000E-01       -9.54648678E-01        1.00009995E-04    
   -3.33333333E-01        1.25000000E-01       -8.47550852E-01        1.23069481E-01    
   -2.91666667E-01        1.25000000E-01       -6.69845472E-01        2.20990177E-01    
   -2.50000000E-01        1.25000000E-01       -4.52737635E-01        2.76259090E-01    
   -2.08333333E-01        1.25000000E-01       -2.23092715E-01        2.84563372E-01    
   -1.66666667E-01        1.25000000E-01        9.63033142E-04        2.48875155E-01    
   -1.25000000E-01        1.25000000E-01        2.05040197E-01        1.87149184E-01    
   -8.33333333E-02        1.25000000E-01        3.72678159E-01        1.58036756E-01    
   -4.16666667E-02        1.25000000E-01        4.86818508E-01        2.07824883E-01    
    0.00000000E+00        1.25000000E-01        5.37986975E-01        2.81005463E-01    
    4.16666667E-02        1.25000000E-01        5.31259324E-01        3.39873493E-01    
    8.33333333E-02        1.25000000E-01        4.85172921E-01        3.76754003E-01    
    1.25000000E-01        1.25000000E-01        4.22829273E-01        3.90452163E-01    
    1.66666667E-01        1.25000000E-01        3.60987429E-01        3.79901639E-01    
    2.08333333E-01        1.25000000E-01        3.03292148E-01        3.42813535E-01    
    2.50000000E-01        1.25000000E-01        2.40472014E-01        2.80961062E-01    
    2.91666667E-01        1.25000000E-01        1.56504085E-01        2.17324919E-01    
    3.33333333E-01        1.25000000E-01        3.72247276E-02        2.05154106E-01    
    3.75000000E-01        1.25000000E-01       -1.22792147E-01        2.50475847E-01    
    4.16666667E-01        1.25000000E-01       -3.17390991E-01        2.94019089E-01    
    4.58333333E-01        1.25000000E-01       -5.29027492E-01        3.03329468E-01    
    5.00000000E-01        1.25000000E-01       -7.30273797E-01        2.75434866E-01    
   -5.00000000E-01        1.66666667E-01       -5.98145952E-01        3.28570301E-01    
   -4.58333333E-01        1.66666667E-01       -7.45689016E-01        2.81852112E-01    
   -4.16666667E-01        1.66666667E-01       -8.33970304E-01        2.02684827E-01    
   -3.75000000E-01        1.66666667E-01       -8.42535248E-01        1.23400792E-01    
   -3.33333333E-01        1.66666667E-01       -7.67829089E-01        1.19042672E-01    
   -2.91666667E-01        1.66666667E-01       -6.25465906E-01        1.71510776E-01    
   -2.50000000E-01        1.66666667E-01       -4.41954350E-01        2.16238192E-01    
   -2.08333333E-01        1.66666667E-01       -2.42967801E-01        2.43961633E-01    
   -1.66666667E-01        1.66666667E-01       -4.77954341E-02        2.53656354E-01    
   -1.25000000E-01        1.66666667E-01        1.28409485E-01        2.51969545E-01    
   -8.33333333E-02        1.66666667E-01        2.71129244E-01        2.63583505E-01    
   -4.16666667E-02        1.66666667E-01        3.67960941E-01        3.02054046E-01    
    0.00000000E+00        1.66666667E-01        4.14410162E-01        3.48260623E-01    
    4.16666667E-02        1.66666667E-01        4.17842069E-01        3.80622104E-01    
    8.33333333E-02        1.66666667E-01        3.94791969E-01        3.91123097E-01    
    1.25000000E-01        1.66666667E-01        3.62719790E-01        3.79872823E-01    
    1.66666667E-01        1.66666667E-01        3.31481725E-01        3.48317866E-01    
    2.08333333E-01        1.66666667E-01        2.99377800E-01        2.93357846E-01    
    2.50000000E-01        1.66666667E-01        2.55289654E-01        2.08350887E-01    
    2.91666667E-01        1.66666667E-01        1.85176898E-01        1.01382427E-01    
    3.33333333E-01        1.66666667E-01        7.94098169E-02        9.31688761E-02    
    3.75000000E-01        1.66666667E-01       -6.28535213E-02        2.03328594E-01    
    4.16666667E-01        1.66666667E-01       -2.33771518E-01        2.91076811E-01    
    4.58333333E-01        1.66666667E-01       -4.18929568E-01        3.33180743E-01    
    5.00000000E-01        1.66666667E-01       -5.98145952E-01        3.28570301E-01    
   -5.00000000E-01        2.08333333E-01       -4.32385691E-01        3.63069027E-01    
   -4.58333333E-01        2.08333333E-01       -5.51118465E-01        3.35960101E-01    
   -4.16666667E-01        2.08333333E-01       -6.32241952E-01        2.82972257E-01    
   -3.75000000E-01        2.08333333E-01       -6.57146266E-01        2.23542964E-01    
   -3.33333333E-01        2.08333333E-01       -6.17584127E-01        1.72062312E-01    
   -2.91666667E-01        2.08333333E-01       -5.20717182E-01        1.30143166E-01    
   -2.50000000E-01        2.08333333E-01       -3.84924837E-01        1.24910092E-01    
   -2.08333333E-01        2.08333333E-01       -2.30938049E-01        1.80626685E-01    
   -1.66666667E-01        2.08333333E-01       -7.63008120E-02        2.48957907E-01    
   -1.25000000E-01        2.08333333E-01        6.46402462E-02        3.00107657E-01    
   -8.33333333E-02        2.08333333E-01        1.79429257E-01        3.36798926E-01    
   -4.16666667E-02        2.08333333E-01        2.59090853E-01        3.68275301E-01    
    0.00000000E+00        2.08333333E-01        3.01992467E-01        3.91856469E-01    
    4.16666667E-02        2.08333333E-01        3.15602917E-01        3.97855509E-01    
    8.33333333E-02        2.08333333E-01        3.13018491E-01        3.80636799E-01    
    1.25000000E-01        2.08333333E-01        3.05725612E-01        3.42784079E-01    
    1.66666667E-01        2.08333333E-01        2.97303660E-01        2.93445788E-01    
    2.08333333E-01        2.08333333E-01        2.82026505E-01        2.37819939E-01    
    2.50000000E-01        2.08333333E-01        2.48823231E-01        1.67842002E-01    
    2.91666667E-01        2.08333333E-01        1.87922487E-01        8.24153487E-02    
    3.33333333E-01        2.08333333E-01        9.63394369E-02        9.42353982E-02    
    3.75000000E-01        2.08333333E-01       -2.10266871E-02        2.03713630E-01    
    4.16666667E-01        2.08333333E-01       -1.54886581E-01        2.97410725E-01    
    4.58333333E-01        2.08333333E-01       -2.95479428E-01        3.51894812E-01    
    5.00000000E-01        2.08333333E-01       -4.32385691E-01        3.63069027E-01    
   -5.00000000E-01        2.50000000E-01       -2.56163533E-01        3.74348256E-01    
   -4.58333333E-01        2.50000000E-01       -3.32704621E-01        3.63518138E-01    
   -4.16666667E-01        2.50000000E-01       -3.95793258E-01        3.31225647E-01    
   -3.75000000E-01        2.50000000E-01       -4.30355996E-01        2.85724142E-01    
   -3.33333333E-01        2.50000000E-01       -4.24136188E-01        2.21665433E-01    
   -2.91666667E-01        2.50000000E-01       -3.75149459E-01        1.26200259E-01    
   -2.50000000E-01        2.50000000E-01       -2.91926575E-01        1.00009997E-04    
   -2.08333333E-01        2.50000000E-01       -1.88250430E-01        1.35153331E-01    
   -1.66666667E-01        2.50000000E-01       -7.83109624E-02        2.50913278E-01    
   -1.25000000E-01        2.50000000E-01        2.50798347E-02        3.31736930E-01    
   -8.33333333E-02        2.50000000E-01        1.11137695E-01        3.80361913E-01    
   -4.16666667E-02        2.50000000E-01        1.72975729E-01        4.06512792E-01    
    0.00000000E+00        2.50000000E-01        2.10169515E-01        4.13520366E-01    
    4.16666667E-02        2.50000000E-01        2.29137187E-01        3.96811123E-01    
    8.33333333E-02        2.50000000E-01        2.39395588E-01        3.51303618E-01    
    1.25000000E-01        2.50000000E-01        2.47271441E-01        2.81037908E-01    
    1.66666667E-01        2.50000000E-01        2.51378435E-01        2.08518444E-01    
    2.08333333E-01        2.50000000E-01        2.43375695E-01        1.68384893E-01    
    2.50000000E-01        2.50000000E-01        2.13659980E-01        1.59739871E-01    
    2.91666667E-01        2.50000000E-01        1.58132950E-01        1.53036492E-01    
    3.33333333E-01        2.50000000E-01        8.15303719E-02        1.65485513E-01    
    3.75000000E-01        2.50000000E-01       -5.24583951E-03        2.23618590E-01    
    4.16666667E-01        2.50000000E-01       -9.21728529E-02        2.97864395E-01    
    4.58333333E-01        2.50000000E-01       -1.75498276E-01        3.53037022E-01    
    5.00000000E-01        2.50000000E-01       -2.56163533E-01        3.74348256E-01    
   -5.00000000E-01        2.91666667E-01       -7.88070847E-02        3.53156903E-01    
   -4.58333333E-01        2.91666667E-01       -1.09002276E-01        3.52489883E-01    
   -4.16666667E-01        2.91666667E-01       -1.50210461E-01        3.35442602E-01    
   -3.75000000E-01        2.91666667E-01       -1.90851853E-01        3.08446874E-01    
   -3.33333333E-01        2.91666667E-01       -2.14792823E-01        2.61607015E-01    
   -2.91666667E-01        2.91666667E-01       -2.11087104E-01        1.89397445E-01    
   -2.50000000E-01        2.91666667E-01       -1.78504798E-01        1.37221596E-01    
   -2.08333333E-01        2.91666667E-01       -1.23749120E-01        1.91803728E-01    
   -1.66666667E-01        2.91666667E-01       -5.73890531E-02        2.87921283E-01    
   -1.25000000E-01        2.91666667E-01        9.32742614E-03        3.63728270E-01    
   -8.33333333E-02        2.91666667E-01        6.67145892E-02        4.08782899E-01    
   -4.16666667E-02        2.91666667E-01        1.08883885E-01        4.27772667E-01    
    0.00000000E+00        2.91666667E-01        1.35628182E-01        4.23282462E-01    
    4.16666667E-02        2.91666667E-01        1.52157729E-01        3.90778111E-01    
    8.33333333E-02        2.91666667E-01        1.65404989E-01        3.22872244E-01    
    1.25000000E-01        2.91666667E-01        1.78361229E-01        2.19056433E-01    
    1.66666667E-01        2.91666667E-01        1.86584932E-01        1.01390571E-01    
    2.08333333E-01        2.91666667E-01        1.80446998E-01        8.33953648E-02    
    2.50000000E-01        2.91666667E-01        1.52320861E-01        1.53634339E-01    
    2.91666667E-01        2.91666667E-01        1.03604185E-01        1.83165233E-01    
    3.33333333E-01        2.91666667E-01        4.60620213E-02        1.81498194E-01    
    3.75000000E-01        2.91666667E-01       -4.48784723E-03        2.03344790E-01    
    4.16666667E-01        2.91666667E-01       -3.84970979E-02        2.64437765E-01    
    4.58333333E-01        2.91666667E-01       -5.90889949E-02        3.23721454E-01    
    5.00000000E-01        2.91666667E-01       -7.88070847E-02        3.53156903E-01    
   -5.00000000E-01        3.33333333E-01        1.00883208E-01        2.97965799E-01    
   -4.58333333E-01        3.33333333E-01        1.10995519E-01        2.97742010E-01    
   -4.16666667E-01        3.33333333E-01        8.75215508E-02        2.91788455E-01    
   -3.75000000E-01        3.33333333E-01        3.99573019E-02        2.93387160E-01    
   -3.33333333E-01        3.33333333E-01       -1.15933704E-02        2.87820100E-01    
   -2.91666667E-01        3.33333333E-01       -4.82738327E-02        2.67035045E-01    
   -2.50000000E-01        3.33333333E-01       -6.06355579E-02        2.56996216E-01    
   -2.08333333E-01        3.33333333E-01       -4.95885446E-02        2.89160459E-01    
   -1.66666667E-01        3.33333333E-01       -2.28055811E-02        3.47716978E-01    
   -1.25000000E-01        3.33333333E-01        9.58802153E-03        3.99893154E-01    
   -8.33333333E-02        3.33333333E-01        3.84208002E-02        4.31739083E-01    
   -4.16666667E-02        3.33333333E-01        5.80661547E-02        4.42484083E-01    
    0.00000000E+00        3.33333333E-01        6.81705473E-02        4.31832594E-01    
    4.16666667E-02        3.33333333E-01        7.33900063E-02        3.94391294E-01    
    8.33333333E-02        3.33333333E-01        7.99579218E-02        3.22381098E-01    
    1.25000000E-01        3.33333333E-01        9.01582402E-02        2.14970717E-01    
    1.66666667E-01        3.33333333E-01        9.88517543E-02        9.65034709E-02    
    2.08333333E-01        3.33333333E-01        9.62125632E-02        9.42352957E-02    
    2.50000000E-01        3.33333333E-01        7.59835499E-02        1.65758603E-01    
    2.91666667E-01        3.33333333E-01        4.30234473E-02        1.81660052E-01    
    3.33333333E-01        3.33333333E-01        1.33735635E-02        1.41686056E-01    
    3.75000000E-01        3.33333333E-01        5.15078458E-03        1.22443989E-01    
    4.16666667E-01        3.33333333E-01        2.57917307E-02        1.91143018E-01    
    4.58333333E-01        3.33333333E-01        6.52404547E-02        2.64463306E-01    
    5.00000000E-01        3.33333333E-01        1.00883208E-01        2.97965799E-01    
   -5.00000000E-01        3.75000000E-01        2.82500317E-01        2.23662973E-01    
   -4.58333333E-01        3.75000000E-01        3.18253915E-01        2.03811490E-01    
   -4.16666667E-01        3.75000000E-01        3.02185239E-01        2.02960032E-01    
   -3.75000000E-01        3.75000000E-01        2.43819785E-01        2.47326505E-01    
   -3.33333333E-01        3.75000000E-01        1.66975363E-01        2.95652756E-01    
   -2.91666667E-01        3.75000000E-01        9.63789118E-02        3.23390956E-01    
   -2.50000000E-01        3.75000000E-01        4.70680040E-02        3.40953161E-01    
   -2.08333333E-01        3.75000000E-01        2.17838923E-02        3.66471335E-01    
   -1.66666667E-01        3.75000000E-01        1.44900388E-02        4.00546580E-01    
   -1.25000000E-01        3.75000000E-01        1.55261159E-02        4.31124005E-01    
   -8.33333333E-02        3.75000000E-01        1.57421669E-02        4.49758266E-01    
   -4.16666667E-02        3.75000000E-01        9.38996246E-03        4.54101310E-01    
    0.00000000E+00        3.75000000E-01       -3.86627830E-03        4.42289438E-01    
    4.16666667E-02        3.75000000E-01       -1.86515622E-02        4.09719915E-01    
    8.33333333E-02        3.75000000E-01       -2.69183653E-02        3.52064054E-01    
    1.25000000E-01        3.75000000E-01       -2.39720706E-02        2.75464740E-01    
    1.66666667E-01        3.75000000E-01       -1.31641482E-02        2.11987286E-01    
    2.08333333E-01        3.75000000E-01       -3.86565656E-03        2.04890843E-01    
    2.50000000E-01        3.75000000E-01       -2.64185107E-03        2.23637973E-01    
    2.91666667E-01        3.75000000E-01       -4.75778153E-03        2.03348438E-01    
    3.33333333E-01        3.75000000E-01        5.70452829E-03        1.22433356E-01    
    3.75000000E-01        3.75000000E-01        4.53513044E-02        1.00009996E-04    
    4.16666667E-01        3.75000000E-01        1.17640487E-01        1.22419142E-01    
    4.58333333E-01        3.75000000E-01        2.06458685E-01        2.03333943E-01    
    5.00000000E-01        3.75000000E-01        2.82500317E-01        2.23662973E-01    
   -5.00000000E-01        4.16666667E-01        4.53873322E-01        1.65343736E-01    
   -4.58333333E-01        4.16666667E-01        4.96200010E-01        9.42557361E-02    
   -4.16666667E-01        4.16666667E-01        4.75152158E-01        9.25742972E-02    
   -3.75000000E-01        4.16666667E-01        4.02394044E-01        2.02698252E-01    
   -3.33333333E-01        4.16666667E-01        3.04421741E-01        2.97614968E-01    
   -2.91666667E-01        4.16666667E-01        2.08783748E-01        3.56599373E-01    
   -2.50000000E-01        4.16666667E-01        1.32722564E-01        3.89237454E-01    
   -2.08333333E-01        4.16666667E-01        8.01050668E-02        4.11927192E-01    
   -1.66666667E-01        4.16666667E-01        4.51433711E-02        4.32676600E-01    
   -1.25000000E-01        4.16666667E-01        1.80250428E-02        4.49977234E-01    
   -8.33333333E-02        4.16666667E-01       -1.06697599E-02        4.60150225E-01    
   -4.16666667E-02        4.16666667E-01       -4.68521259E-02        4.60860709E-01    
    0.00000000E+00        4.16666667E-01       -9.02594325E-02        4.49904730E-01    
    4.16666667E-02        4.16666667E-01       -1.33112030E-01        4.24506330E-01    
    8.33333333E-02        4.16666667E-01       -1.62720316E-01        3.84359429E-01    
    1.25000000E-01        4.16666667E-01       -1.68785327E-01        3.38226101E-01    
    1.66666667E-01        4.16666667E-01       -1.50676066E-01        3.06435898E-01    
    2.08333333E-01        4.16666667E-01       -1.17295759E-01        3.00765584E-01    
    2.50000000E-01        4.16666667E-01       -7.80016717E-02        2.98351255E-01    
    2.91666667E-01        4.16666667E-01       -3.25348415E-02        2.64509438E-01    
    3.33333333E-01        4.16666667E-01        2.99149489E-02        1.91176548E-01    
    3.75000000E-01        4.16666667E-01        1.20364185E-01        1.22467078E-01    
    4.16666667E-01        4.16666667E-01        2.36637686E-01        1.41525983E-01    
    4.58333333E-01        4.16666667E-01        3.58246529E-01        1.81275937E-01    
    5.00000000E-01        4.16666667E-01        4.53873322E-01        1.65343736E-01    
   -5.00000000E-01        4.58333333E-01        5.91790385E-01        1.52353622E-01    
   -4.58333333E-01        4.58333333E-01        6.23487388E-01        8.19729096E-02    
   -4.16666667E-01        4.58333333E-01        5.88230485E-01        1.01406132E-01    
   -3.75000000E-01        4.58333333E-01        5.01239868E-01        2.16742819E-01    
   -3.33333333E-01        4.58333333E-01        3.89867745E-01        3.15645526E-01    
   -2.91666667E-01        4.58333333E-01        2.80856946E-01        3.78701623E-01    
   -2.50000000E-01        4.58333333E-01        1.90069733E-01        4.11993400E-01    
   -2.08333333E-01        4.58333333E-01        1.20067431E-01        4.29954580E-01    
   -1.66666667E-01        4.58333333E-01        6.41402586E-02        4.43191815E-01    
   -1.25000000E-01        4.58333333E-01        1.19624913E-02        4.54290303E-01    
   -8.33333333E-02        4.58333333E-01       -4.61566948E-02        4.60892812E-01    
   -4.16666667E-02        4.58333333E-01       -1.16033682E-01        4.59618241E-01    
    0.00000000E+00        4.58333333E-01       -1.95994081E-01        4.47641080E-01    
    4.16666667E-02        4.58333333E-01       -2.74086348E-01        4.23970571E-01    
    8.33333333E-02        4.58333333E-01       -3.30298012E-01        3.92503987E-01    
    1.25000000E-01        4.58333333E-01       -3.45962231E-01        3.64541943E-01    
    1.66666667E-01        4.58333333E-01       -3.14932895E-01        3.53022125E-01    
    2.08333333E-01        4.58333333E-01       -2.46289187E-01        3.56368139E-01    
    2.50000000E-01        4.58333333E-01       -1.54974038E-01        3.53814362E-01    
    2.91666667E-01        4.58333333E-01       -4.93017979E-02        3.23879174E-01    
    3.33333333E-01        4.58333333E-01        7.22054305E-02        2.64537831E-01    
    3.75000000E-01        4.58333333E-01        2.11874243E-01        2.03405122E-01    
    4.16666667E-01        4.58333333E-01        3.61102859E-01        1.81320782E-01    
    4.58333333E-01        4.58333333E-01        4.97236053E-01        1.82488116E-01    
    5.00000000E-01        4.58333333E-01        5.91790385E-01        1.52353622E-01    
   -5.00000000E-01        5.00000000E-01        6.72492270E-01        1.58442228E-01    
   -4.58333333E-01        5.00000000E-01        6.84224752E-01        1.67152203E-01    
   -4.16666667E-01        5.00000000E-01        6.32875290E-01        2.08276794E-01    
   -3.75000000E-01        5.00000000E-01        5.37364858E-01        2.81042171E-01    
   -3.33333333E-01        5.00000000E-01        4.23677107E-01        3.50169026E-01    
   -2.91666667E-01        5.00000000E-01        3.14410188E-01        3.94854398E-01    
   -2.50000000E-01        5.00000000E-01        2.21086303E-01        4.15588177E-01    
   -2.08333333E-01        5.00000000E-01        1.43180374E-01        4.24213099E-01    
   -1.66666667E-01        5.00000000E-01        7.24210887E-02        4.32143877E-01    
   -1.25000000E-01        5.00000000E-01       -1.97691648E-03        4.42368550E-01    
   -8.33333333E-02        5.00000000E-01       -8.96504301E-02        4.49916763E-01    
   -4.16666667E-02        5.00000000E-01       -1.95876940E-01        4.47641051E-01    
    0.00000000E+00        5.00000000E-01       -3.16838656E-01        4.30543328E-01    
    4.16666667E-02        5.00000000E-01       -4.35119041E-01        3.98821422E-01    
    8.33333333E-02        5.00000000E-01       -5.21577384E-01        3.62238685E-01    
    1.25000000E-01        5.00000000E-01       -5.47502616E-01        3.40296146E-01    
    1.66666667E-01        5.00000000E-01       -5.00626673E-01        3.45786995E-01    
    2.08333333E-01        5.00000000E-01       -3.91200775E-01        3.65962978E-01    
    2.50000000E-01        5.00000000E-01       -2.42061282E-01        3.74650858E-01    
    2.91666667E-01        5.00000000E-01       -7.28532632E-02        3.53183881E-01    
    3.33333333E-01        5.00000000E-01        1.06290375E-01        2.97975151E-01    
    3.75000000E-01        5.00000000E-01        2.87945869E-01        2.23688487E-01    
    4.16666667E-01        5.00000000E-01        4.57720556E-01        1.65380309E-01    
    4.58333333E-01        5.00000000E-01        5.93212074E-01        1.52368651E-01    
    5.00000000E-01        5.00000000E-01        6.72492270E-01        1.58442228E-01    
