var_bounds   -50 310; -50 310; -50 310; -50 310
kernel       stdp
periods      360 120 360 360
y_range      -70 20
init_iter    134
bo_iter      0
verbosity    2

pp_model_slice  1 4 100
pp_local_minima 70

RESULTS:
1.300000000000000000e+02 1.300000000000000000e+02 1.300000000000000000e+02 1.300000000000000000e+02 3.293580000000000041e+01
2.200000000000000000e+02 4.000000000000000000e+01 2.200000000000000000e+02 4.000000000000000000e+01 3.829899999999999949e+01
4.000000000000000000e+01 2.200000000000000000e+02 4.000000000000000000e+01 2.200000000000000000e+02 2.551300000000000168e+01
8.500000000000000000e+01 8.500000000000000000e+01 1.750000000000000000e+02 -5.000000000000000000e+00 2.730849999999999866e+01
2.650000000000000000e+02 2.650000000000000000e+02 -5.000000000000000000e+00 1.750000000000000000e+02 2.522919999999999874e+01
1.750000000000000000e+02 -5.000000000000000000e+00 8.500000000000000000e+01 8.500000000000000000e+01 3.657719999999999771e+01
-5.000000000000000000e+00 1.750000000000000000e+02 2.650000000000000000e+02 2.650000000000000000e+02 3.609069999999999823e+01
1.750000000000000000e+01 6.250000000000000000e+01 6.250000000000000000e+01 1.975000000000000000e+02 2.080580000000000140e+01
1.975000000000000000e+02 2.425000000000000000e+02 2.425000000000000000e+02 1.750000000000000000e+01 3.669019999999999726e+01
2.875000000000000000e+02 -2.750000000000000000e+01 1.525000000000000000e+02 2.875000000000000000e+02 3.511679999999999779e+01
1.075000000000000000e+02 1.525000000000000000e+02 -2.750000000000000000e+01 1.075000000000000000e+02 3.652089999999999748e+01
6.250000000000000000e+01 1.750000000000000000e+01 2.875000000000000000e+02 1.525000000000000000e+02 2.923880000000000123e+01
2.425000000000000000e+02 1.975000000000000000e+02 1.075000000000000000e+02 -2.750000000000000000e+01 2.536309999999999931e+01
1.525000000000000000e+02 1.075000000000000000e+02 1.750000000000000000e+01 2.425000000000000000e+02 3.351590000000000202e+01
-2.750000000000000000e+01 2.875000000000000000e+02 1.975000000000000000e+02 6.250000000000000000e+01 3.533409999999999940e+01
-1.903145267960000098e+01 -4.196681247579999763e+01 1.915811989558999926e+02 1.924597815895999986e+02 2.170469999999999899e+01
8.027629193609999447e+01 1.495333580683000037e+02 1.490198857443999998e+02 1.960383021744000018e+02 2.035670000000000002e+01
1.105208519884999987e+02 8.633502772949999837e+01 9.995181717910000430e+01 1.882950515185999905e+02 2.212199999999999989e+01
4.826606885289999838e+01 1.516325048456000104e+02 6.583739143820000095e+01 -2.984705659400000144e+01 2.993420000000000059e+01
-9.579248117400000595e+00 -3.850839563569999768e+01 2.929115801820000087e+01 2.867698784410000101e+01 3.307549999999999812e+01
1.182943907057999979e+02 2.133121956756000088e+02 3.082390770857999769e+02 3.083278632192000259e+02 4.163300000000000267e+01
2.594933827465000036e+02 8.179283224879999636e+01 2.608877721814999973e+02 1.142074514079999972e+02 3.635370000000000346e+01
1.822810187579000001e+02 2.768996383760000057e+01 2.015479580337000129e+02 2.975792727936999995e+02 3.339320000000000022e+01
3.100000000000000000e+02 1.683312053518000084e+02 2.752104241682999941e+02 -1.098933150460000086e+01 3.113960000000000150e+01
-1.286270302510000008e+01 1.813339539494999997e+02 7.231787455760000682e+01 1.353019300317000102e+02 2.720250000000000057e+01
1.456290707528000041e+02 3.024341757308000069e+02 2.847540348787999847e+02 2.090141709938000076e+02 2.613950000000000173e+01
1.016207367013000038e+02 8.579221173189999661e+01 2.870933227515000112e+02 5.971326190999999994e+01 3.767699999999999960e+01
1.085119132438999969e+02 6.530723548039999571e+01 1.395912559205999912e+02 2.540337198148999960e+02 3.295660000000000167e+01
2.532084600745000103e+02 2.462313056570000072e+02 1.860083632248999947e+02 2.362540031082000098e+02 3.503790000000000049e+01
1.460358340720999877e+02 1.681058895181000139e+02 6.836648845500000071e+00 5.343143711699999798e+00 2.957779999999999987e+01
2.784796811259000151e+02 1.361491590136000127e+02 -2.189184599460000058e+01 6.841518360470000459e+01 3.377499999999999858e+01
2.463031229395000139e+02 4.635384715459999683e+01 3.106429961330000111e+01 2.842370513047999907e+02 3.902210000000000178e+01
8.564604242100000420e+01 2.583661457657000255e+02 9.957582664299999919e+01 4.364084594010000018e+01 3.271509999999999962e+01
1.915435943996999981e+02 5.546786764109999979e+01 2.076627108060000069e+02 1.538408764836999865e+02 2.232250000000000156e+01
1.816573308757999996e+02 9.374771877489999383e+01 7.387032935599999739e+00 1.363171654317000048e+02 2.604019999999999868e+01
-5.000000000000000000e+01 1.985778369140000166e+01 1.096258188102000020e+02 5.813297608500000102e+00 3.161149999999999949e+01
1.490724012466000090e+02 -4.034994199299999806e+00 2.466487316083000110e+02 2.718212521492000064e+02 3.810589999999999833e+01
1.640528494904999945e+02 1.401982160570000069e+01 2.283621578620999912e+02 8.600360659300000066e+01 3.777770000000000294e+01
1.559004925590000035e+01 1.323029695122000078e+02 7.880234865090000085e+01 2.649847459352999977e+02 3.783350000000000080e+01
2.252556039769000051e+02 6.559612484449999670e+01 1.083401838725999937e+02 2.141426150853999957e+02 2.703340000000000032e+01
2.248815406175000078e+02 2.134014914233999889e+02 1.134539265347000025e+02 5.026785051209999722e+01 3.749490000000000123e+01
3.100000000000000000e+02 1.092507984096999962e+02 -1.662097420899999900e+00 -1.476610431419999969e+01 2.691779999999999973e+01
3.100000000000000000e+02 1.128779524117999955e+02 1.305568879943000127e+02 1.580219393918000037e+02 2.412409999999999854e+01
3.028827192880000041e+01 2.219119708268999887e+02 1.733596195545000000e+02 1.002904019692000048e+02 3.396220000000000283e+01
3.012207937109999989e+02 2.507025825872999860e+02 2.925271876176000205e+02 -5.000000000000000000e+01 4.354310000000000258e+01
1.543523805247999974e+02 1.787367256653000140e+02 3.608579088319999784e+01 6.813456283269999858e+01 3.059710000000000107e+01
1.871915860494999890e+02 1.244887690863999978e+02 1.991405414120999922e+02 -2.684273768699999962e+01 3.249260000000000304e+01
2.177664815553999915e+02 1.210402111174999931e+02 2.478289969381999924e+02 1.844447079143999986e+02 2.856340000000000146e+01
2.212180738207999866e+02 1.704585831665000057e+02 1.393139354893999950e+02 9.845208660279999435e+01 3.733590000000000231e+01
-3.024913238830000140e+01 1.424880195954999920e+02 -3.910095890200000213e+01 2.307319380938000108e+02 3.370289999999999964e+01
1.199617890060000036e+01 8.088349634809999600e+01 -4.976684867609999685e+01 1.719103293773999894e+02 2.451529999999999987e+01
-1.146636866180000069e+01 -4.345086162919999850e+01 2.265123798134000026e+02 -4.694179374619999834e+01 3.400319999999999965e+01
2.248152923940000036e+01 2.782948199870000039e+01 3.100000000000000000e+02 2.620961332330000104e+01 3.385329999999999728e+01
8.946808503520000500e+01 -1.220572204069999955e+01 6.172654530650000027e+01 3.009770417409000061e+02 3.539119999999999777e+01
3.100000000000000000e+02 2.642721118607000221e+02 2.095687325133999934e+02 1.242032893038000054e+02 3.083389999999999986e+01
2.165966892269999988e+01 2.294519109354999955e+02 -1.751580048359999964e+01 2.762279645337999909e+02 3.926820000000000022e+01
2.746075541129999920e+01 9.755412342639999679e+01 2.589799430798000230e+02 2.324928460087000133e+02 2.975069999999999837e+01
1.173642420699000013e+02 1.046430778266999937e+02 7.393500413469999444e+01 -1.011654430000000104e+00 3.552300000000000324e+01
-3.518742835609999986e+01 8.895096608100000424e+01 1.441070614030000030e+01 9.706778090710000129e+01 3.574640000000000128e+01
1.669149222307000002e+02 -4.742477306899999689e+00 4.580201423400000138e+00 3.939273262679999732e+01 3.352980000000000160e+01
4.618197129789999877e+01 2.582628158815999768e+02 1.445861195278999958e+02 3.100000000000000000e+02 3.262149999999999750e+01
3.921486850680000202e+01 -9.625257745000000753e+00 1.853526489319000063e+02 3.639433901499999990e+01 3.167229999999999990e+01
2.476963215030000072e+02 2.039003130920999922e+02 -5.000000000000000000e+01 2.520743540777000078e+02 4.147440000000000282e+01
7.037884361330000615e+01 2.453873422318999928e+02 3.932784039610000093e+01 1.608926011080999956e+02 2.261120000000000019e+01
6.340716138450000017e+01 2.160514989117000084e+02 2.080106170845999998e+02 1.447676247219000061e+02 2.234100000000000108e+01
3.100000000000000000e+02 1.249872654586000067e+02 -2.511166064869999914e+01 1.333314912614999912e+02 3.054119999999999990e+01
2.471411656045000029e+02 3.100000000000000000e+02 3.095760551158999760e+02 2.780847488030000036e+01 3.513490000000000180e+01
2.446291755402000092e+02 2.251355428349999954e+01 4.940455021289999848e+01 1.146950615478999964e+02 3.854460000000000264e+01
1.929897783597999990e+02 1.330001715569999874e+02 1.097591355067000052e+02 2.725937829306000140e+02 3.512709999999999866e+01
1.944218239616000119e+02 1.360976978241999973e+02 1.549937737730000009e+01 -3.973789098379999984e+01 3.473989999999999867e+01
8.790318844259999764e+01 2.364006317411999873e+02 2.771473475372999928e+02 -1.783788180060000172e+01 3.560710000000000264e+01
1.268257750472999987e+02 2.338218215741999870e+02 -1.671175011809999944e+01 1.968836452580999890e+02 2.775489999999999924e+01
1.158320027949999940e+02 3.695340782099999899e+01 3.100000000000000000e+02 2.542156535405000000e+02 3.860799999999999699e+01
-2.964378047099999858e+00 3.267358260710000195e+01 8.717345452029999819e+01 8.389285343810000484e+01 3.736090000000000089e+01
1.341538533249999965e+01 4.463903594749999826e+01 2.672517615922999994e+02 9.174047235499999431e+01 3.611780000000000257e+01
-3.470433085799999873e+00 1.117724796425000022e+02 1.271256323507000019e+02 2.248240931384999897e+02 3.130249999999999844e+01
1.752982944162000081e+02 1.750066362960999982e+02 1.479814515625000126e+02 1.896629443519999825e+01 2.618759999999999977e+01
2.614586873393000133e+02 1.215118516805000013e+02 6.768702980560000526e+01 1.947766860486999860e+02 2.954850000000000065e+01
1.458654957825999929e+02 2.185074591215999931e+02 1.895964568182000107e+02 2.127614993672000026e+02 2.422609999999999886e+01
-5.000000000000000000e+01 1.101340973685999955e+02 2.556030458490999990e+02 5.396703090679999804e+01 3.614039999999999964e+01
5.184420589789999667e+01 1.854416174977999958e+02 1.387408156266000105e+02 1.719756444331000012e+02 1.650189999999999912e+01
2.915265058821000252e+02 1.754784428309000077e+02 1.450740725407999889e+02 1.830674273340000013e+02 1.842909999999999826e+01
1.692010037567000040e+02 1.678248894916000040e+02 5.160323040229999947e+01 1.779161213929999974e+02 2.068430000000000035e+01
5.438808049360000041e+01 -4.668306144870000196e+01 2.193735905489999993e+01 7.829360503469999344e+01 3.218820000000000192e+01
-3.680423538729999677e+01 1.912019524938999950e+02 4.700962193400000189e+01 2.742589834783000242e+02 3.241940000000000310e+01
2.823816431140999725e+02 3.081775425316999986e+02 1.194792790644000036e+02 6.072566197359999762e+01 3.489379999999999882e+01
1.295057678967999948e+02 2.659884318068000084e+02 1.398555830957000126e+02 -4.257350465180000043e+01 3.092579999999999885e+01
2.640568411240000160e+02 1.198665652903000023e+02 2.015971099456999980e+02 2.172633513300000097e+00 3.731320000000000192e+01
8.947188764790000448e+01 2.914135939308000047e+02 1.886320144396999865e+02 9.116197166599999946e+01 3.282670000000000243e+01
6.137835894789999713e+01 5.815692871569999767e+01 2.576223685407999824e+02 2.958821668245000183e+02 3.187630000000000052e+01
2.018104464120999921e+02 3.100000000000000000e+02 2.818328301590000251e+02 -5.000000000000000000e+01 3.873790000000000333e+01
2.034094859596000049e+02 2.645783987798999988e+02 -3.262023270470000114e+01 2.285420365381000067e+02 3.384490000000000265e+01
1.168319858499999953e+01 1.896736014880000099e+01 2.031544457949999867e+02 1.738301458100000048e+02 2.198379999999999868e+01
1.276019115279000005e+02 3.085167928950000160e+01 2.288582291554999983e+02 2.443040193650000091e+01 3.211319999999999908e+01
2.037158399203999863e+02 2.778097198882999805e+02 -4.672045899990000350e+01 1.035618090171000034e+02 3.709590000000000032e+01
2.305986827314999914e+02 2.702031065978000015e+02 5.907525653990000336e+01 2.018567973700000096e+01 2.404100000000000037e+01
7.672097926659999700e+01 3.012198438692000195e+02 -1.302079796790000010e+01 2.058988464292000060e+02 2.099670000000000059e+01
2.813060376204999784e+02 4.960517785510000266e+01 2.519817968138999902e+02 2.313706606037000029e+02 3.103590000000000160e+01
1.900788836059999909e+01 -3.852779100109999888e+01 1.063376764073999965e+02 3.100000000000000000e+02 3.385529999999999973e+01
1.271159872292000017e+02 9.861010553510000420e+01 1.595218171580000046e+02 6.648840406089999533e+01 3.754829999999999757e+01
1.319965672557999881e+02 1.953764682233000087e+02 2.568428575927999873e+02 1.322396648234999930e+02 2.902329999999999899e+01
1.688871153434999997e+02 1.936666610714000001e+02 7.187624735199999293e+01 3.017649591420999968e+02 3.365829999999999700e+01
-3.657562469669999672e+01 3.712704945120000133e+01 1.567313785272999951e+02 2.887227687024000033e+02 3.583089999999999975e+01
2.264939493953000067e+02 2.369997803859999976e+02 1.455165139876000069e+02 1.489624609447000125e+02 3.074370000000000047e+01
2.189596931110000000e+01 1.211582631394999936e+02 -6.158473253600000419e+00 1.007084748707000017e+02 3.765379999999999683e+01
-9.552819877399999271e+00 2.778550915682999971e+02 9.494006255000000394e-01 -3.940099463130000146e+01 3.116199999999999903e+01
3.433808057680000303e+01 -3.892809130210000035e+01 -5.000000000000000000e+01 -9.796344550800000661e+00 3.040139999999999887e+01
2.639098938756000052e+02 7.744392312739999795e+01 4.293752160889999914e+01 1.545109996060000128e+02 2.784550000000000125e+01
1.418755694220000052e+01 5.304966790879999650e+01 1.505363391889000013e+02 7.408043472200000146e+00 2.927370000000000161e+01
2.501779534124000008e+02 5.974099757409999967e+01 2.156933670550999977e+02 2.924085938719999831e+02 3.973539999999999850e+01
8.942834007220000103e+01 1.100331176867999972e+02 2.171179414975999862e+02 2.497177055834999919e+02 3.247180000000000177e+01
-3.523853178600000025e+00 2.490224449527999866e+02 2.412537682082999879e+02 -9.884387290499999423e+00 3.280689999999999884e+01
9.390828618039999753e+01 9.480842881729999760e+01 7.414304719209999917e+01 1.060036317898999982e+02 3.317929999999999779e+01
1.134720838118000046e+02 1.601502539251999906e+02 2.242833983772000011e+02 1.780689551931000096e+02 2.023580000000000112e+01
2.630295212459000140e+02 2.429417686278999895e+02 1.707522228576000032e+02 8.524689719430000423e+01 4.163839999999999719e+01
-5.000000000000000000e+01 1.087379487887999971e+02 2.638933656735999875e+02 1.832068994777000057e+02 2.330470000000000041e+01
8.128516029409999533e+01 1.204060931103000058e+02 6.178579590800000076e+00 2.474192327520000134e+01 3.072609999999999886e+01
3.266083650139999861e+01 1.785045601964000070e+02 1.769631045085999972e+02 2.502570119609999892e+02 2.946389999999999887e+01
1.710523047126000051e+02 3.100000000000000000e+02 2.789036879774000113e+02 5.549702058870000343e+01 3.673060000000000258e+01
2.824523971071000119e+02 2.463647047929999871e+02 6.920566972000000305e+01 -4.991212727260000293e+01 2.931380000000000052e+01
2.143802740069999970e+02 -2.608819613400000037e+01 2.577483621000000014e+01 2.111114970797999888e+02 2.958800000000000097e+01
-2.809480566370000076e+01 2.700833105000000067e+00 2.914524789969999929e+01 1.830320231867000018e+02 2.483930000000000149e+01
2.598037351076999926e+02 -3.725313666030000093e+01 2.042058111233000091e+02 1.722352160757000092e+02 2.447490000000000165e+01
1.558012850771999922e+02 2.448338618349999862e+01 1.124785928924000018e+02 2.203057321526999885e+02 2.872070000000000078e+01
2.827469376733000104e+02 3.075245589869999776e+02 4.204355530130000318e+01 1.266665262100000078e+01 1.872220000000000084e+01
1.008802067432999934e+02 1.574548647393000067e+02 5.376356577079999965e+01 2.332632303702999934e+02 2.944819999999999993e+01
-4.029686619560000338e+01 1.160693596826999965e+02 2.152582547229000056e+02 2.543300846179000132e+02 3.621200000000000330e+01
2.240052380952000135e+02 -3.635636660889999661e+01 9.301968261000000737e+00 7.305370269770000391e+01 3.311540000000000106e+01
2.898835184751000043e+02 2.820652126867000220e+02 9.580000826670000436e+01 2.462040640090999943e+02 2.912419999999999831e+01
1.369579775132000066e+02 1.881028894945999923e+02 2.286948766964000015e+02 -3.364733354650000052e+01 3.054019999999999868e+01
7.482264965480000285e+01 1.697102453262000097e+02 1.219049748300000013e+00 3.015781214430999739e+02 3.173509999999999920e+01
-2.769122344080000175e+01 1.855092531493000081e+02 -4.291566219949999805e+01 6.793480022309999811e+01 3.316490000000000293e+01
2.468925368767999942e+02 2.665412267088000249e+02 -2.886390736439999927e+01 -2.730413716150000170e+01 3.762429999999999808e+01
3.325880713539999789e+01 2.185526056260999894e+02 9.558531060120000689e+01 3.429771353560000335e+01 3.150199999999999889e+01
